groundTruth,result,charsInGroundTruth,charsInResult,characterAccuracy,LCSCharStats Ground Truth Item,LCSCharStats Ground Truth Unicode,LCSCharStats OCR Result Item,LCSCharStats OCR Result Unicode,LCSCharStats OCR Error,LCSCharStats Count
/home/cnd/tmp/dev/ocr_eval_paper/TextEval_1.5/rest/00680334.gt.xml.txt,/home/cnd/tmp/dev/ocr_eval_paper/TextEval_1.5/rest/00680334-00232201.gt4hist.xml.txt,"7334","7714","0.6892555222252522","r werden, und jene, die ihre Forderungen bis","0072,0020,0077,0065,0072,0064,0065,006e,002c,0020,0075,006e,0064,0020,006a,0065,006e,0065,002c,0020,0064,0069,0065,0020,0069,0068,0072,0065,0020,0046,006f,0072,0064,0065,0072,0075,006e,0067,0065,006e,0020,0062,0069,0073","","","none","1"
/home/cnd/tmp/dev/ocr_eval_paper/TextEval_1.5/rest/00680334.gt.xml.txt,/home/cnd/tmp/dev/ocr_eval_paper/TextEval_1.5/rest/00680334-00232201.gt4hist.xml.txt,,,,"
ges Edikt allen denjenigen, denen daran ","000a,0067,0065,0073,0020,0045,0064,0069,006b,0074,0020,0061,006c,006c,0065,006e,0020,0064,0065,006e,006a,0065,006e,0069,0067,0065,006e,002c,0020,0064,0065,006e,0065,006e,0020,0064,0061,0072,0061,006e,0020","","","none","1"
/home/cnd/tmp/dev/ocr_eval_paper/TextEval_1.5/rest/00680334.gt.xml.txt,/home/cnd/tmp/dev/ocr_eval_paper/TextEval_1.5/rest/00680334-00232201.gt4hist.xml.txt,,,,"den der Stimmenmehrheit der Anweſenden ","0064,0065,006e,0020,0064,0065,0072,0020,0053,0074,0069,006d,006d,0065,006e,006d,0065,0068,0072,0068,0065,0069,0074,0020,0064,0065,0072,0020,0041,006e,0077,0065,017f,0065,006e,0064,0065,006e,0020","","","none","1"
/home/cnd/tmp/dev/ocr_eval_paper/TextEval_1.5/rest/00680334.gt.xml.txt,/home/cnd/tmp/dev/ocr_eval_paper/TextEval_1.5/rest/00680334-00232201.gt4hist.xml.txt,,,,"ober, und zur dritten Feilblerhung der","006f,0062,0065,0072,002c,0020,0075,006e,0064,0020,007a,0075,0072,0020,0064,0072,0069,0074,0074,0065,006e,0020,0046,0065,0069,006c,0062,006c,0065,0072,0068,0075,006e,0067,0020,0064,0065,0072","","","none","1"
/home/cnd/tmp/dev/ocr_eval_paper/TextEval_1.5/rest/00680334.gt.xml.txt,/home/cnd/tmp/dev/ocr_eval_paper/TextEval_1.5/rest/00680334-00232201.gt4hist.xml.txt,,,,"
Daher wird jedermann, der an den e","000a,0044,0061,0068,0065,0072,0020,0077,0069,0072,0064,0020,006a,0065,0064,0065,0072,006d,0061,006e,006e,002c,0020,0064,0065,0072,0020,0061,006e,0020,0064,0065,006e,0020,0065","","","none","1"
/home/cnd/tmp/dev/ocr_eval_paper/TextEval_1.5/rest/00680334.gt.xml.txt,/home/cnd/tmp/dev/ocr_eval_paper/TextEval_1.5/rest/00680334-00232201.gt4hist.xml.txt,,,,"
dann abgewieſen ſeyn ſollen, wenn","000a,0064,0061,006e,006e,0020,0061,0062,0067,0065,0077,0069,0065,017f,0065,006e,0020,017f,0065,0079,006e,0020,017f,006f,006c,006c,0065,006e,002c,0020,0077,0065,006e,006e","","","none","1"
/home/cnd/tmp/dev/ocr_eval_paper/TextEval_1.5/rest/00680334.gt.xml.txt,/home/cnd/tmp/dev/ocr_eval_paper/TextEval_1.5/rest/00680334-00232201.gt4hist.xml.txt,,,,"
A. Eine Behauſung, in der Stadt Brune","000a,0041,002e,0020,0045,0069,006e,0065,0020,0042,0065,0068,0061,0075,017f,0075,006e,0067,002c,0020,0069,006e,0020,0064,0065,0072,0020,0053,0074,0061,0064,0074,0020,0042,0072,0075,006e,0065","","","none","1"
/home/cnd/tmp/dev/ocr_eval_paper/TextEval_1.5/rest/00680334.gt.xml.txt,/home/cnd/tmp/dev/ocr_eval_paper/TextEval_1.5/rest/00680334-00232201.gt4hist.xml.txt,,,," werden, zur Zahlung und Abführung zu","0020,0077,0065,0072,0064,0065,006e,002c,0020,007a,0075,0072,0020,005a,0061,0068,006c,0075,006e,0067,0020,0075,006e,0064,0020,0041,0062,0066,00fc,0068,0072,0075,006e,0067,0020,007a,0075","","","none","1"
/home/cnd/tmp/dev/ocr_eval_paper/TextEval_1.5/rest/00680334.gt.xml.txt,/home/cnd/tmp/dev/ocr_eval_paper/TextEval_1.5/rest/00680334-00232201.gt4hist.xml.txt,,,," Vormittag 8 Uhr vorge⸗","0020,0056,006f,0072,006d,0069,0074,0074,0061,0067,0020,0038,0020,0055,0068,0072,0020,0076,006f,0072,0067,0065,2e17","","","none","1"
/home/cnd/tmp/dev/ocr_eval_paper/TextEval_1.5/rest/00680334.gt.xml.txt,/home/cnd/tmp/dev/ocr_eval_paper/TextEval_1.5/rest/00680334-00232201.gt4hist.xml.txt,,,,"
ſeph Ladinſer, Wir","000a,017f,0065,0070,0068,0020,004c,0061,0064,0069,006e,017f,0065,0072,002c,0020,0057,0069,0072","","","none","1"
/home/cnd/tmp/dev/ocr_eval_paper/TextEval_1.5/rest/00680334.gt.xml.txt,/home/cnd/tmp/dev/ocr_eval_paper/TextEval_1.5/rest/00680334-00232201.gt4hist.xml.txt,,,,"zu erweiſen, widrigen⸗","007a,0075,0020,0065,0072,0077,0065,0069,017f,0065,006e,002c,0020,0077,0069,0064,0072,0069,0067,0065,006e,2e17","","","none","1"
/home/cnd/tmp/dev/ocr_eval_paper/TextEval_1.5/rest/00680334.gt.xml.txt,/home/cnd/tmp/dev/ocr_eval_paper/TextEval_1.5/rest/00680334-00232201.gt4hist.xml.txt,,,,"
des Eingangs genannten Verſ","000a,0064,0065,0073,0020,0045,0069,006e,0067,0061,006e,0067,0073,0020,0067,0065,006e,0061,006e,006e,0074,0065,006e,0020,0056,0065,0072,017f","","","none","1"
/home/cnd/tmp/dev/ocr_eval_paper/TextEval_1.5/rest/00680334.gt.xml.txt,/home/cnd/tmp/dev/ocr_eval_paper/TextEval_1.5/rest/00680334-00232201.gt4hist.xml.txt,,,,"uld ungehindert des Kompenſations ","0075,006c,0064,0020,0075,006e,0067,0065,0068,0069,006e,0064,0065,0072,0074,0020,0064,0065,0073,0020,004b,006f,006d,0070,0065,006e,017f,0061,0074,0069,006f,006e,0073,0020","","","none","1"
/home/cnd/tmp/dev/ocr_eval_paper/TextEval_1.5/rest/00680334.gt.xml.txt,/home/cnd/tmp/dev/ocr_eval_paper/TextEval_1.5/rest/00680334-00232201.gt4hist.xml.txt,,,,"ehen, an den obengenannten Tag Na","0065,0068,0065,006e,002c,0020,0061,006e,0020,0064,0065,006e,0020,006f,0062,0065,006e,0067,0065,006e,0061,006e,006e,0074,0065,006e,0020,0054,0061,0067,0020,004e,0061","","","none","1"
/home/cnd/tmp/dev/ocr_eval_paper/TextEval_1.5/rest/00680334.gt.xml.txt,/home/cnd/tmp/dev/ocr_eval_paper/TextEval_1.5/rest/00680334-00232201.gt4hist.xml.txt,,,,"net mit Nro. 30, ſammt d","006e,0065,0074,0020,006d,0069,0074,0020,004e,0072,006f,002e,0020,0033,0030,002c,0020,017f,0061,006d,006d,0074,0020,0064","","","none","1"
/home/cnd/tmp/dev/ocr_eval_paper/TextEval_1.5/rest/00680334.gt.xml.txt,/home/cnd/tmp/dev/ocr_eval_paper/TextEval_1.5/rest/00680334-00232201.gt4hist.xml.txt,,,,"n Executionswerbern entweder ein","006e,0020,0045,0078,0065,0063,0075,0074,0069,006f,006e,0073,0077,0065,0072,0062,0065,0072,006e,0020,0065,006e,0074,0077,0065,0064,0065,0072,0020,0065,0069,006e","","","none","1"
/home/cnd/tmp/dev/ocr_eval_paper/TextEval_1.5/rest/00680334.gt.xml.txt,/home/cnd/tmp/dev/ocr_eval_paper/TextEval_1.5/rest/00680334-00232201.gt4hist.xml.txt,,,,"en der 11. September ","0065,006e,0020,0064,0065,0072,0020,0031,0031,002e,0020,0053,0065,0070,0074,0065,006d,0062,0065,0072,0020","","","none","1"
/home/cnd/tmp/dev/ocr_eval_paper/TextEval_1.5/rest/00680334.gt.xml.txt,/home/cnd/tmp/dev/ocr_eval_paper/TextEval_1.5/rest/00680334-00232201.gt4hist.xml.txt,,,,"
ſelbe bei der dritten","000a,017f,0065,006c,0062,0065,0020,0062,0065,0069,0020,0064,0065,0072,0020,0064,0072,0069,0074,0074,0065,006e","","","none","1"
/home/cnd/tmp/dev/ocr_eval_paper/TextEval_1.5/rest/00680334.gt.xml.txt,/home/cnd/tmp/dev/ocr_eval_paper/TextEval_1.5/rest/00680334-00232201.gt4hist.xml.txt,,,,". Landgeri","002e,0020,004c,0061,006e,0064,0067,0065,0072,0069","","","none","2"
/home/cnd/tmp/dev/ocr_eval_paper/TextEval_1.5/rest/00680334.gt.xml.txt,/home/cnd/tmp/dev/ocr_eval_paper/TextEval_1.5/rest/00680334-00232201.gt4hist.xml.txt,,,,"e im Lande Tyrol","0065,0020,0069,006d,0020,004c,0061,006e,0064,0065,0020,0054,0079,0072,006f,006c","","","none","1"
/home/cnd/tmp/dev/ocr_eval_paper/TextEval_1.5/rest/00680334.gt.xml.txt,/home/cnd/tmp/dev/ocr_eval_paper/TextEval_1.5/rest/00680334-00232201.gt4hist.xml.txt,,,,"hs zu St. ","0068,0073,0020,007a,0075,0020,0053,0074,002e,0020","","","none","1"
/home/cnd/tmp/dev/ocr_eval_paper/TextEval_1.5/rest/00680334.gt.xml.txt,/home/cnd/tmp/dev/ocr_eval_paper/TextEval_1.5/rest/00680334-00232201.gt4hist.xml.txt,,,,"ens 20. September d. ","0065,006e,0073,0020,0032,0030,002e,0020,0053,0065,0070,0074,0065,006d,0062,0065,0072,0020,0064,002e,0020","","","none","1"
/home/cnd/tmp/dev/ocr_eval_paper/TextEval_1.5/rest/00680334.gt.xml.txt,/home/cnd/tmp/dev/ocr_eval_paper/TextEval_1.5/rest/00680334-00232201.gt4hist.xml.txt,,,," Ablauf des oben ","0020,0041,0062,006c,0061,0075,0066,0020,0064,0065,0073,0020,006f,0062,0065,006e,0020","","","none","1"
/home/cnd/tmp/dev/ocr_eval_paper/TextEval_1.5/rest/00680334.gt.xml.txt,/home/cnd/tmp/dev/ocr_eval_paper/TextEval_1.5/rest/00680334-00232201.gt4hist.xml.txt,,,," angemeldet haben, in ","0020,0061,006e,0067,0065,006d,0065,006c,0064,0065,0074,0020,0068,0061,0062,0065,006e,002c,0020,0069,006e,0020","","","none","1"
/home/cnd/tmp/dev/ocr_eval_paper/TextEval_1.5/rest/00680334.gt.xml.txt,/home/cnd/tmp/dev/ocr_eval_paper/TextEval_1.5/rest/00680334-00232201.gt4hist.xml.txt,,,,", in ſo weit es die","002c,0020,0069,006e,0020,017f,006f,0020,0077,0065,0069,0074,0020,0065,0073,0020,0064,0069,0065","","","none","1"
/home/cnd/tmp/dev/ocr_eval_paper/TextEval_1.5/rest/00680334.gt.xml.txt,/home/cnd/tmp/dev/ocr_eval_paper/TextEval_1.5/rest/00680334-00232201.gt4hist.xml.txt,,,,"uf ein liegendes Gut des Ver⸗","0075,0066,0020,0065,0069,006e,0020,006c,0069,0065,0067,0065,006e,0064,0065,0073,0020,0047,0075,0074,0020,0064,0065,0073,0020,0056,0065,0072,2e17","","","none","1"
/home/cnd/tmp/dev/ocr_eval_paper/TextEval_1.5/rest/00680334.gt.xml.txt,/home/cnd/tmp/dev/ocr_eval_paper/TextEval_1.5/rest/00680334-00232201.gt4hist.xml.txt,,,,"einen vorgeladen werden, als die","0065,0069,006e,0065,006e,0020,0076,006f,0072,0067,0065,006c,0061,0064,0065,006e,0020,0077,0065,0072,0064,0065,006e,002c,0020,0061,006c,0073,0020,0064,0069,0065","","","none","1"
/home/cnd/tmp/dev/ocr_eval_paper/TextEval_1.5/rest/00680334.gt.xml.txt,/home/cnd/tmp/dev/ocr_eval_paper/TextEval_1.5/rest/00680334-00232201.gt4hist.xml.txt,,,,"lfte des Kaufpreiſes aus⸗","006c,0066,0074,0065,0020,0064,0065,0073,0020,004b,0061,0075,0066,0070,0072,0065,0069,017f,0065,0073,0020,0061,0075,0073,2e17","","","none","1"
/home/cnd/tmp/dev/ocr_eval_paper/TextEval_1.5/rest/00680334.gt.xml.txt,/home/cnd/tmp/dev/ocr_eval_paper/TextEval_1.5/rest/00680334-00232201.gt4hist.xml.txt,,,,"
re Bezahlung in der Franz Kasba","000a,0072,0065,0020,0042,0065,007a,0061,0068,006c,0075,006e,0067,0020,0069,006e,0020,0064,0065,0072,0020,0046,0072,0061,006e,007a,0020,004b,0061,0073,0062,0061","","","none","1"
/home/cnd/tmp/dev/ocr_eval_paper/TextEval_1.5/rest/00680334.gt.xml.txt,/home/cnd/tmp/dev/ocr_eval_paper/TextEval_1.5/rest/00680334-00232201.gt4hist.xml.txt,,,,"
gen, bezei","000a,0067,0065,006e,002c,0020,0062,0065,007a,0065,0069","","","none","1"
/home/cnd/tmp/dev/ocr_eval_paper/TextEval_1.5/rest/00680334.gt.xml.txt,/home/cnd/tmp/dev/ocr_eval_paper/TextEval_1.5/rest/00680334-00232201.gt4hist.xml.txt,,,,"
Firma, Hartmanns Sa","000a,0046,0069,0072,006d,0061,002c,0020,0048,0061,0072,0074,006d,0061,006e,006e,0073,0020,0053,0061","","","none","1"
/home/cnd/tmp/dev/ocr_eval_paper/TextEval_1.5/rest/00680334.gt.xml.txt,/home/cnd/tmp/dev/ocr_eval_paper/TextEval_1.5/rest/00680334-00232201.gt4hist.xml.txt,,,," an ſelbe baar abzuf","0020,0061,006e,0020,017f,0065,006c,0062,0065,0020,0062,0061,0061,0072,0020,0061,0062,007a,0075,0066","","","none","1"
/home/cnd/tmp/dev/ocr_eval_paper/TextEval_1.5/rest/00680334.gt.xml.txt,/home/cnd/tmp/dev/ocr_eval_paper/TextEval_1.5/rest/00680334-00232201.gt4hist.xml.txt,,,,"en binnen einem Viertel","0065,006e,0020,0062,0069,006e,006e,0065,006e,0020,0065,0069,006e,0065,006d,0020,0056,0069,0065,0072,0074,0065,006c","","","none","1"
/home/cnd/tmp/dev/ocr_eval_paper/TextEval_1.5/rest/00680334.gt.xml.txt,/home/cnd/tmp/dev/ocr_eval_paper/TextEval_1.5/rest/00680334-00232201.gt4hist.xml.txt,,,,"n zu dieſer Ver","006e,0020,007a,0075,0020,0064,0069,0065,017f,0065,0072,0020,0056,0065,0072","","","none","1"
/home/cnd/tmp/dev/ocr_eval_paper/TextEval_1.5/rest/00680334.gt.xml.txt,/home/cnd/tmp/dev/ocr_eval_paper/TextEval_1.5/rest/00680334-00232201.gt4hist.xml.txt,,,,"en der 11. O","0065,006e,0020,0064,0065,0072,0020,0031,0031,002e,0020,004f","","","none","1"
/home/cnd/tmp/dev/ocr_eval_paper/TextEval_1.5/rest/00680334.gt.xml.txt,/home/cnd/tmp/dev/ocr_eval_paper/TextEval_1.5/rest/00680334-00232201.gt4hist.xml.txt,,,," bei der zweiten Feil","0020,0062,0065,0069,0020,0064,0065,0072,0020,007a,0077,0065,0069,0074,0065,006e,0020,0046,0065,0069,006c","","","none","1"
/home/cnd/tmp/dev/ocr_eval_paper/TextEval_1.5/rest/00680334.gt.xml.txt,/home/cnd/tmp/dev/ocr_eval_paper/TextEval_1.5/rest/00680334-00232201.gt4hist.xml.txt,,,,"
bigern auf deren Anſ","000a,0062,0069,0067,0065,0072,006e,0020,0061,0075,0066,0020,0064,0065,0072,0065,006e,0020,0041,006e,017f","","","none","1"
/home/cnd/tmp/dev/ocr_eval_paper/TextEval_1.5/rest/00680334.gt.xml.txt,/home/cnd/tmp/dev/ocr_eval_paper/TextEval_1.5/rest/00680334-00232201.gt4hist.xml.txt,,,,"
nommen","000a,006e,006f,006d,006d,0065,006e","","","none","1"
/home/cnd/tmp/dev/ocr_eval_paper/TextEval_1.5/rest/00680334.gt.xml.txt,/home/cnd/tmp/dev/ocr_eval_paper/TextEval_1.5/rest/00680334-00232201.gt4hist.xml.txt,,,," wird dur","0020,0077,0069,0072,0064,0020,0064,0075,0072","","","none","1"
/home/cnd/tmp/dev/ocr_eval_paper/TextEval_1.5/rest/00680334.gt.xml.txt,/home/cnd/tmp/dev/ocr_eval_paper/TextEval_1.5/rest/00680334-00232201.gt4hist.xml.txt,,,,"nung eines Kon⸗","006e,0075,006e,0067,0020,0065,0069,006e,0065,0073,0020,004b,006f,006e,2e17","","","none","1"
/home/cnd/tmp/dev/ocr_eval_paper/TextEval_1.5/rest/00680334.gt.xml.txt,/home/cnd/tmp/dev/ocr_eval_paper/TextEval_1.5/rest/00680334-00232201.gt4hist.xml.txt,,,," und Vorarlberg","0020,0075,006e,0064,0020,0056,006f,0072,0061,0072,006c,0062,0065,0072,0067","","","none","1"
/home/cnd/tmp/dev/ocr_eval_paper/TextEval_1.5/rest/00680334.gt.xml.txt,/home/cnd/tmp/dev/ocr_eval_paper/TextEval_1.5/rest/00680334-00232201.gt4hist.xml.txt,,,,"t","0074","i","0069","misrecognised","3"
/home/cnd/tmp/dev/ocr_eval_paper/TextEval_1.5/rest/00680334.gt.xml.txt,/home/cnd/tmp/dev/ocr_eval_paper/TextEval_1.5/rest/00680334-00232201.gt4hist.xml.txt,,,,"ndrä gewi","006e,0064,0072,00e4,0020,0067,0065,0077,0069","","","none","1"
/home/cnd/tmp/dev/ocr_eval_paper/TextEval_1.5/rest/00680334.gt.xml.txt,/home/cnd/tmp/dev/ocr_eval_paper/TextEval_1.5/rest/00680334-00232201.gt4hist.xml.txt,,,,"uldeten eine Forderu","0075,006c,0064,0065,0074,0065,006e,0020,0065,0069,006e,0065,0020,0046,006f,0072,0064,0065,0072,0075","","","none","1"
/home/cnd/tmp/dev/ocr_eval_paper/TextEval_1.5/rest/00680334.gt.xml.txt,/home/cnd/tmp/dev/ocr_eval_paper/TextEval_1.5/rest/00680334-00232201.gt4hist.xml.txt,,,,"t zu werden verlanger","0074,0020,007a,0075,0020,0077,0065,0072,0064,0065,006e,0020,0076,0065,0072,006c,0061,006e,0067,0065,0072","","","none","1"
/home/cnd/tmp/dev/ocr_eval_paper/TextEval_1.5/rest/00680334.gt.xml.txt,/home/cnd/tmp/dev/ocr_eval_paper/TextEval_1.5/rest/00680334-00232201.gt4hist.xml.txt,,,,"alls na","0061,006c,006c,0073,0020,006e,0061","","","none","1"
/home/cnd/tmp/dev/ocr_eval_paper/TextEval_1.5/rest/00680334.gt.xml.txt,/home/cnd/tmp/dev/ocr_eval_paper/TextEval_1.5/rest/00680334-00232201.gt4hist.xml.txt,,,,"immten ","0069,006d,006d,0074,0065,006e,0020","","","none","1"
/home/cnd/tmp/dev/ocr_eval_paper/TextEval_1.5/rest/00680334.gt.xml.txt,/home/cnd/tmp/dev/ocr_eval_paper/TextEval_1.5/rest/00680334-00232201.gt4hist.xml.txt,,,,"
dah","000a,0064,0061,0068","","","none","1"
/home/cnd/tmp/dev/ocr_eval_paper/TextEval_1.5/rest/00680334.gt.xml.txt,/home/cnd/tmp/dev/ocr_eval_paper/TextEval_1.5/rest/00680334-00232201.gt4hist.xml.txt,,,,"l und Vorarlberg be","006c,0020,0075,006e,0064,0020,0056,006f,0072,0061,0072,006c,0062,0065,0072,0067,0020,0062,0065","","","none","1"
/home/cnd/tmp/dev/ocr_eval_paper/TextEval_1.5/rest/00680334.gt.xml.txt,/home/cnd/tmp/dev/ocr_eval_paper/TextEval_1.5/rest/00680334-00232201.gt4hist.xml.txt,,,,"deten","0064,0065,0074,0065,006e","","","none","1"
/home/cnd/tmp/dev/ocr_eval_paper/TextEval_1.5/rest/00680334.gt.xml.txt,/home/cnd/tmp/dev/ocr_eval_paper/TextEval_1.5/rest/00680334-00232201.gt4hist.xml.txt,,,,"ubiger erſch","0075,0062,0069,0067,0065,0072,0020,0065,0072,017f,0063,0068","","","none","1"
/home/cnd/tmp/dev/ocr_eval_paper/TextEval_1.5/rest/00680334.gt.xml.txt,/home/cnd/tmp/dev/ocr_eval_paper/TextEval_1.5/rest/00680334-00232201.gt4hist.xml.txt,,,," ihre Forderung ","0020,0069,0068,0072,0065,0020,0046,006f,0072,0064,0065,0072,0075,006e,0067,0020","","","none","1"
/home/cnd/tmp/dev/ocr_eval_paper/TextEval_1.5/rest/00680334.gt.xml.txt,/home/cnd/tmp/dev/ocr_eval_paper/TextEval_1.5/rest/00680334-00232201.gt4hist.xml.txt,,,,"uldeten vorgemerkt w","0075,006c,0064,0065,0074,0065,006e,0020,0076,006f,0072,0067,0065,006d,0065,0072,006b,0074,0020,0077","","","none","1"
/home/cnd/tmp/dev/ocr_eval_paper/TextEval_1.5/rest/00680334.gt.xml.txt,/home/cnd/tmp/dev/ocr_eval_paper/TextEval_1.5/rest/00680334-00232201.gt4hist.xml.txt,,,," abzutragen verhalten werden w","0020,0061,0062,007a,0075,0074,0072,0061,0067,0065,006e,0020,0076,0065,0072,0068,0061,006c,0074,0065,006e,0020,0077,0065,0072,0064,0065,006e,0020,0077","","","none","1"
/home/cnd/tmp/dev/ocr_eval_paper/TextEval_1.5/rest/00680334.gt.xml.txt,/home/cnd/tmp/dev/ocr_eval_paper/TextEval_1.5/rest/00680334-00232201.gt4hist.xml.txt,,,,"
erſ","000a,0065,0072,017f","","","none","1"
/home/cnd/tmp/dev/ocr_eval_paper/TextEval_1.5/rest/00680334.gt.xml.txt,/home/cnd/tmp/dev/ocr_eval_paper/TextEval_1.5/rest/00680334-00232201.gt4hist.xml.txt,,,,"e der Stadt Hall gelegen","0065,0020,0064,0065,0072,0020,0053,0074,0061,0064,0074,0020,0048,0061,006c,006c,0020,0067,0065,006c,0065,0067,0065,006e","","","none","1"
/home/cnd/tmp/dev/ocr_eval_paper/TextEval_1.5/rest/00680334.gt.xml.txt,/home/cnd/tmp/dev/ocr_eval_paper/TextEval_1.5/rest/00680334-00232201.gt4hist.xml.txt,,,,"t allein zu tragen, und","0074,0020,0061,006c,006c,0065,0069,006e,0020,007a,0075,0020,0074,0072,0061,0067,0065,006e,002c,0020,0075,006e,0064","","","none","1"
/home/cnd/tmp/dev/ocr_eval_paper/TextEval_1.5/rest/00680334.gt.xml.txt,/home/cnd/tmp/dev/ocr_eval_paper/TextEval_1.5/rest/00680334-00232201.gt4hist.xml.txt,,,,"
2 Uhr, und an den da au","000a,0032,0020,0055,0068,0072,002c,0020,0075,006e,0064,0020,0061,006e,0020,0064,0065,006e,0020,0064,0061,0020,0061,0075","","","none","1"
/home/cnd/tmp/dev/ocr_eval_paper/TextEval_1.5/rest/00680334.gt.xml.txt,/home/cnd/tmp/dev/ocr_eval_paper/TextEval_1.5/rest/00680334-00232201.gt4hist.xml.txt,,,,"eigert werden, wozu Kau","0065,0069,0067,0065,0072,0074,0020,0077,0065,0072,0064,0065,006e,002c,0020,0077,006f,007a,0075,0020,004b,0061,0075","","","none","1"
/home/cnd/tmp/dev/ocr_eval_paper/TextEval_1.5/rest/00680334.gt.xml.txt,/home/cnd/tmp/dev/ocr_eval_paper/TextEval_1.5/rest/00680334-00232201.gt4hist.xml.txt,,,,"en gele","0065,006e,0020,0067,0065,006c,0065","","","none","1"
/home/cnd/tmp/dev/ocr_eval_paper/TextEval_1.5/rest/00680334.gt.xml.txt,/home/cnd/tmp/dev/ocr_eval_paper/TextEval_1.5/rest/00680334-00232201.gt4hist.xml.txt,,,,"","f502","ch","0063,0068","misrecognised","91"
/home/cnd/tmp/dev/ocr_eval_paper/TextEval_1.5/rest/00680334.gt.xml.txt,/home/cnd/tmp/dev/ocr_eval_paper/TextEval_1.5/rest/00680334-00232201.gt4hist.xml.txt,,,,"her die Handlung","0068,0065,0072,0020,0064,0069,0065,0020,0048,0061,006e,0064,006c,0075,006e,0067","","","none","1"
/home/cnd/tmp/dev/ocr_eval_paper/TextEval_1.5/rest/00680334.gt.xml.txt,/home/cnd/tmp/dev/ocr_eval_paper/TextEval_1.5/rest/00680334-00232201.gt4hist.xml.txt,,,,"ners Erben, fortgeſe","006e,0065,0072,0073,0020,0045,0072,0062,0065,006e,002c,0020,0066,006f,0072,0074,0067,0065,017f,0065","","","none","1"
/home/cnd/tmp/dev/ocr_eval_paper/TextEval_1.5/rest/00680334.gt.xml.txt,/home/cnd/tmp/dev/ocr_eval_paper/TextEval_1.5/rest/00680334-00232201.gt4hist.xml.txt,,,,"
zu Handen der E","000a,007a,0075,0020,0048,0061,006e,0064,0065,006e,0020,0064,0065,0072,0020,0045","","","none","1"
/home/cnd/tmp/dev/ocr_eval_paper/TextEval_1.5/rest/00680334.gt.xml.txt,/home/cnd/tmp/dev/ocr_eval_paper/TextEval_1.5/rest/00680334-00232201.gt4hist.xml.txt,,,,"illings aber haben ","0069,006c,006c,0069,006e,0067,0073,0020,0061,0062,0065,0072,0020,0068,0061,0062,0065,006e,0020","","","none","1"
/home/cnd/tmp/dev/ocr_eval_paper/TextEval_1.5/rest/00680334.gt.xml.txt,/home/cnd/tmp/dev/ocr_eval_paper/TextEval_1.5/rest/00680334-00232201.gt4hist.xml.txt,,,," oder ſet⸗","0020,006f,0064,0065,0072,0020,017f,0065,0074,2e17","","","none","1"
/home/cnd/tmp/dev/ocr_eval_paper/TextEval_1.5/rest/00680334.gt.xml.txt,/home/cnd/tmp/dev/ocr_eval_paper/TextEval_1.5/rest/00680334-00232201.gt4hist.xml.txt,,,," Zinſen ebenfalls ","0020,005a,0069,006e,017f,0065,006e,0020,0065,0062,0065,006e,0066,0061,006c,006c,0073,0020","","","none","1"
/home/cnd/tmp/dev/ocr_eval_paper/TextEval_1.5/rest/00680334.gt.xml.txt,/home/cnd/tmp/dev/ocr_eval_paper/TextEval_1.5/rest/00680334-00232201.gt4hist.xml.txt,,,,"ufer verbindli","0075,0066,0065,0072,0020,0076,0065,0072,0062,0069,006e,0064,006c,0069","","","none","1"
/home/cnd/tmp/dev/ocr_eval_paper/TextEval_1.5/rest/00680334.gt.xml.txt,/home/cnd/tmp/dev/ocr_eval_paper/TextEval_1.5/rest/00680334-00232201.gt4hist.xml.txt,,,,"mine, und","006d,0069,006e,0065,002c,0020,0075,006e,0064","","","none","1"
/home/cnd/tmp/dev/ocr_eval_paper/TextEval_1.5/rest/00680334.gt.xml.txt,/home/cnd/tmp/dev/ocr_eval_paper/TextEval_1.5/rest/00680334-00232201.gt4hist.xml.txt,,,,", für den","002c,0020,0066,00fc,0072,0020,0064,0065,006e","","","none","1"
/home/cnd/tmp/dev/ocr_eval_paper/TextEval_1.5/rest/00680334.gt.xml.txt,/home/cnd/tmp/dev/ocr_eval_paper/TextEval_1.5/rest/00680334-00232201.gt4hist.xml.txt,,,,"t","0074","","","none","8"
/home/cnd/tmp/dev/ocr_eval_paper/TextEval_1.5/rest/00680334.gt.xml.txt,/home/cnd/tmp/dev/ocr_eval_paper/TextEval_1.5/rest/00680334-00232201.gt4hist.xml.txt,,,,"
daß wenn das Haus o","000a,0064,0061,00df,0020,0077,0065,006e,006e,0020,0064,0061,0073,0020,0048,0061,0075,0073,0020,006f","","","none","1"
/home/cnd/tmp/dev/ocr_eval_paper/TextEval_1.5/rest/00680334.gt.xml.txt,/home/cnd/tmp/dev/ocr_eval_paper/TextEval_1.5/rest/00680334-00232201.gt4hist.xml.txt,,,,"iethung um die S","0069,0065,0074,0068,0075,006e,0067,0020,0075,006d,0020,0064,0069,0065,0020,0053","","","none","1"
/home/cnd/tmp/dev/ocr_eval_paper/TextEval_1.5/rest/00680334.gt.xml.txt,/home/cnd/tmp/dev/ocr_eval_paper/TextEval_1.5/rest/00680334-00232201.gt4hist.xml.txt,,,," den die","0020,0064,0065,006e,0020,0064,0069,0065","","","none","1"
/home/cnd/tmp/dev/ocr_eval_paper/TextEval_1.5/rest/00680334.gt.xml.txt,/home/cnd/tmp/dev/ocr_eval_paper/TextEval_1.5/rest/00680334-00232201.gt4hist.xml.txt,,,,"eigerung wird in hie","0065,0069,0067,0065,0072,0075,006e,0067,0020,0077,0069,0072,0064,0020,0069,006e,0020,0068,0069,0065","","","none","1"
/home/cnd/tmp/dev/ocr_eval_paper/TextEval_1.5/rest/00680334.gt.xml.txt,/home/cnd/tmp/dev/ocr_eval_paper/TextEval_1.5/rest/00680334-00232201.gt4hist.xml.txt,,,,"",""," ","0020","false detection","123"
/home/cnd/tmp/dev/ocr_eval_paper/TextEval_1.5/rest/00680334.gt.xml.txt,/home/cnd/tmp/dev/ocr_eval_paper/TextEval_1.5/rest/00680334-00232201.gt4hist.xml.txt,,,," und na","0020,0075,006e,0064,0020,006e,0061","","","none","1"
/home/cnd/tmp/dev/ocr_eval_paper/TextEval_1.5/rest/00680334.gt.xml.txt,/home/cnd/tmp/dev/ocr_eval_paper/TextEval_1.5/rest/00680334-00232201.gt4hist.xml.txt,,,,"te ","0074,0065,0020","","","none","1"
/home/cnd/tmp/dev/ocr_eval_paper/TextEval_1.5/rest/00680334.gt.xml.txt,/home/cnd/tmp/dev/ocr_eval_paper/TextEval_1.5/rest/00680334-00232201.gt4hist.xml.txt,,,," gegewar","0020,0067,0065,0067,0065,0077,0061,0072","","","none","1"
/home/cnd/tmp/dev/ocr_eval_paper/TextEval_1.5/rest/00680334.gt.xml.txt,/home/cnd/tmp/dev/ocr_eval_paper/TextEval_1.5/rest/00680334-00232201.gt4hist.xml.txt,,,,"te in die Erd","0074,0065,0020,0069,006e,0020,0064,0069,0065,0020,0045,0072,0064","","","none","1"
/home/cnd/tmp/dev/ocr_eval_paper/TextEval_1.5/rest/00680334.gt.xml.txt,/home/cnd/tmp/dev/ocr_eval_paper/TextEval_1.5/rest/00680334-00232201.gt4hist.xml.txt,,,,"ber das geſamm","0062,0065,0072,0020,0064,0061,0073,0020,0067,0065,017f,0061,006d,006d","","","none","1"
/home/cnd/tmp/dev/ocr_eval_paper/TextEval_1.5/rest/00680334.gt.xml.txt,/home/cnd/tmp/dev/ocr_eval_paper/TextEval_1.5/rest/00680334-00232201.gt4hist.xml.txt,,,,"","","t","0074","false detection","3"
/home/cnd/tmp/dev/ocr_eval_paper/TextEval_1.5/rest/00680334.gt.xml.txt,/home/cnd/tmp/dev/ocr_eval_paper/TextEval_1.5/rest/00680334-00232201.gt4hist.xml.txt,,,,"gen des Jo⸗","0067,0065,006e,0020,0064,0065,0073,0020,004a,006f,2e17","","","none","1"
/home/cnd/tmp/dev/ocr_eval_paper/TextEval_1.5/rest/00680334.gt.xml.txt,/home/cnd/tmp/dev/ocr_eval_paper/TextEval_1.5/rest/00680334-00232201.gt4hist.xml.txt,,,,"Z","005a","A","0041","misrecognised","1"
/home/cnd/tmp/dev/ocr_eval_paper/TextEval_1.5/rest/00680334.gt.xml.txt,/home/cnd/tmp/dev/ocr_eval_paper/TextEval_1.5/rest/00680334-00232201.gt4hist.xml.txt,,,," worden.","0020,0077,006f,0072,0064,0065,006e,002e","","","none","1"
/home/cnd/tmp/dev/ocr_eval_paper/TextEval_1.5/rest/00680334.gt.xml.txt,/home/cnd/tmp/dev/ocr_eval_paper/TextEval_1.5/rest/00680334-00232201.gt4hist.xml.txt,,,," Ver⸗","0020,0056,0065,0072,2e17","","","none","1"
/home/cnd/tmp/dev/ocr_eval_paper/TextEval_1.5/rest/00680334.gt.xml.txt,/home/cnd/tmp/dev/ocr_eval_paper/TextEval_1.5/rest/00680334-00232201.gt4hist.xml.txt,,,,"
gefordert, die ","000a,0067,0065,0066,006f,0072,0064,0065,0072,0074,002c,0020,0064,0069,0065,0020","","","none","1"
/home/cnd/tmp/dev/ocr_eval_paper/TextEval_1.5/rest/00680334.gt.xml.txt,/home/cnd/tmp/dev/ocr_eval_paper/TextEval_1.5/rest/00680334-00232201.gt4hist.xml.txt,,,,"
und in dieſer ni","000a,0075,006e,0064,0020,0069,006e,0020,0064,0069,0065,017f,0065,0072,0020,006e,0069","","","none","1"
/home/cnd/tmp/dev/ocr_eval_paper/TextEval_1.5/rest/00680334.gt.xml.txt,/home/cnd/tmp/dev/ocr_eval_paper/TextEval_1.5/rest/00680334-00232201.gt4hist.xml.txt,,,," ","0020","","","none","26"
/home/cnd/tmp/dev/ocr_eval_paper/TextEval_1.5/rest/00680334.gt.xml.txt,/home/cnd/tmp/dev/ocr_eval_paper/TextEval_1.5/rest/00680334-00232201.gt4hist.xml.txt,,,,"
","000a","","","none","37"
/home/cnd/tmp/dev/ocr_eval_paper/TextEval_1.5/rest/00680334.gt.xml.txt,/home/cnd/tmp/dev/ocr_eval_paper/TextEval_1.5/rest/00680334-00232201.gt4hist.xml.txt,,,,"e","0065","","","none","21"
/home/cnd/tmp/dev/ocr_eval_paper/TextEval_1.5/rest/00680334.gt.xml.txt,/home/cnd/tmp/dev/ocr_eval_paper/TextEval_1.5/rest/00680334-00232201.gt4hist.xml.txt,,,," Nie","0020,004e,0069,0065","","","none","1"
/home/cnd/tmp/dev/ocr_eval_paper/TextEval_1.5/rest/00680334.gt.xml.txt,/home/cnd/tmp/dev/ocr_eval_paper/TextEval_1.5/rest/00680334-00232201.gt4hist.xml.txt,,,,"n ","006e,0020","","","none","2"
/home/cnd/tmp/dev/ocr_eval_paper/TextEval_1.5/rest/00680334.gt.xml.txt,/home/cnd/tmp/dev/ocr_eval_paper/TextEval_1.5/rest/00680334-00232201.gt4hist.xml.txt,,,," des geſammten","0020,0064,0065,0073,0020,0067,0065,017f,0061,006d,006d,0074,0065,006e","","","none","1"
/home/cnd/tmp/dev/ocr_eval_paper/TextEval_1.5/rest/00680334.gt.xml.txt,/home/cnd/tmp/dev/ocr_eval_paper/TextEval_1.5/rest/00680334-00232201.gt4hist.xml.txt,,,,"gens","0067,0065,006e,0073","","","none","1"
/home/cnd/tmp/dev/ocr_eval_paper/TextEval_1.5/rest/00680334.gt.xml.txt,/home/cnd/tmp/dev/ocr_eval_paper/TextEval_1.5/rest/00680334-00232201.gt4hist.xml.txt,,,,"u","0075","","","none","9"
/home/cnd/tmp/dev/ocr_eval_paper/TextEval_1.5/rest/00680334.gt.xml.txt,/home/cnd/tmp/dev/ocr_eval_paper/TextEval_1.5/rest/00680334-00232201.gt4hist.xml.txt,,,," ","0020","","","miss","7"
/home/cnd/tmp/dev/ocr_eval_paper/TextEval_1.5/rest/00680334.gt.xml.txt,/home/cnd/tmp/dev/ocr_eval_paper/TextEval_1.5/rest/00680334-00232201.gt4hist.xml.txt,,,,"deten Gl","0064,0065,0074,0065,006e,0020,0047,006c","","","none","1"
/home/cnd/tmp/dev/ocr_eval_paper/TextEval_1.5/rest/00680334.gt.xml.txt,/home/cnd/tmp/dev/ocr_eval_paper/TextEval_1.5/rest/00680334-00232201.gt4hist.xml.txt,,,," Ausnah","0020,0041,0075,0073,006e,0061,0068","","","none","1"
/home/cnd/tmp/dev/ocr_eval_paper/TextEval_1.5/rest/00680334.gt.xml.txt,/home/cnd/tmp/dev/ocr_eval_paper/TextEval_1.5/rest/00680334-00232201.gt4hist.xml.txt,,,,"es Gut von der ","0065,0073,0020,0047,0075,0074,0020,0076,006f,006e,0020,0064,0065,0072,0020","","","none","1"
/home/cnd/tmp/dev/ocr_eval_paper/TextEval_1.5/rest/00680334.gt.xml.txt,/home/cnd/tmp/dev/ocr_eval_paper/TextEval_1.5/rest/00680334-00232201.gt4hist.xml.txt,,,,"a","0061","d","0064","misrecognised","3"
/home/cnd/tmp/dev/ocr_eval_paper/TextEval_1.5/rest/00680334.gt.xml.txt,/home/cnd/tmp/dev/ocr_eval_paper/TextEval_1.5/rest/00680334-00232201.gt4hist.xml.txt,,,,"
ſ","000a,017f","","","none","3"
/home/cnd/tmp/dev/ocr_eval_paper/TextEval_1.5/rest/00680334.gt.xml.txt,/home/cnd/tmp/dev/ocr_eval_paper/TextEval_1.5/rest/00680334-00232201.gt4hist.xml.txt,,,,"re, ſo, daß derlei","0072,0065,002c,0020,017f,006f,002c,0020,0064,0061,00df,0020,0064,0065,0072,006c,0065,0069","","","none","1"
/home/cnd/tmp/dev/ocr_eval_paper/TextEval_1.5/rest/00680334.gt.xml.txt,/home/cnd/tmp/dev/ocr_eval_paper/TextEval_1.5/rest/00680334-00232201.gt4hist.xml.txt,,,,"ts, das ihnen ſon","0074,0073,002c,0020,0064,0061,0073,0020,0069,0068,006e,0065,006e,0020,017f,006f,006e","","","none","1"
/home/cnd/tmp/dev/ocr_eval_paper/TextEval_1.5/rest/00680334.gt.xml.txt,/home/cnd/tmp/dev/ocr_eval_paper/TextEval_1.5/rest/00680334-00232201.gt4hist.xml.txt,,,,"uszutragen, auf den 25. k","0075,0073,007a,0075,0074,0072,0061,0067,0065,006e,002c,0020,0061,0075,0066,0020,0064,0065,006e,0020,0032,0035,002e,0020,006b","","","none","1"
/home/cnd/tmp/dev/ocr_eval_paper/TextEval_1.5/rest/00680334.gt.xml.txt,/home/cnd/tmp/dev/ocr_eval_paper/TextEval_1.5/rest/00680334-00232201.gt4hist.xml.txt,,,," Ni","0020,004e,0069","","","none","1"
/home/cnd/tmp/dev/ocr_eval_paper/TextEval_1.5/rest/00680334.gt.xml.txt,/home/cnd/tmp/dev/ocr_eval_paper/TextEval_1.5/rest/00680334-00232201.gt4hist.xml.txt,,,,"eine","0065,0069,006e,0065","","","none","1"
/home/cnd/tmp/dev/ocr_eval_paper/TextEval_1.5/rest/00680334.gt.xml.txt,/home/cnd/tmp/dev/ocr_eval_paper/TextEval_1.5/rest/00680334-00232201.gt4hist.xml.txt,,,,"
fung und ſohinige Tode","000a,0066,0075,006e,0067,0020,0075,006e,0064,0020,017f,006f,0068,0069,006e,0069,0067,0065,0020,0054,006f,0064,0065","","","none","1"
/home/cnd/tmp/dev/ocr_eval_paper/TextEval_1.5/rest/00680334.gt.xml.txt,/home/cnd/tmp/dev/ocr_eval_paper/TextEval_1.5/rest/00680334-00232201.gt4hist.xml.txt,,,,"
Urbarzins, zur Stad","000a,0055,0072,0062,0061,0072,007a,0069,006e,0073,002c,0020,007a,0075,0072,0020,0053,0074,0061,0064","","","none","1"
/home/cnd/tmp/dev/ocr_eval_paper/TextEval_1.5/rest/00680334.gt.xml.txt,/home/cnd/tmp/dev/ocr_eval_paper/TextEval_1.5/rest/00680334-00232201.gt4hist.xml.txt,,,,". zu verzinſen, und","002e,0020,007a,0075,0020,0076,0065,0072,007a,0069,006e,017f,0065,006e,002c,0020,0075,006e,0064","","","none","1"
/home/cnd/tmp/dev/ocr_eval_paper/TextEval_1.5/rest/00680334.gt.xml.txt,/home/cnd/tmp/dev/ocr_eval_paper/TextEval_1.5/rest/00680334-00232201.gt4hist.xml.txt,,,,"
Unter einem werden au","000a,0055,006e,0074,0065,0072,0020,0065,0069,006e,0065,006d,0020,0077,0065,0072,0064,0065,006e,0020,0061,0075","","","none","1"
/home/cnd/tmp/dev/ocr_eval_paper/TextEval_1.5/rest/00680334.gt.xml.txt,/home/cnd/tmp/dev/ocr_eval_paper/TextEval_1.5/rest/00680334-00232201.gt4hist.xml.txt,,,,"mittag","006d,0069,0074,0074,0061,0067","","","none","1"
/home/cnd/tmp/dev/ocr_eval_paper/TextEval_1.5/rest/00680334.gt.xml.txt,/home/cnd/tmp/dev/ocr_eval_paper/TextEval_1.5/rest/00680334-00232201.gt4hist.xml.txt,,,,"olgenden Tag","006f,006c,0067,0065,006e,0064,0065,006e,0020,0054,0061,0067","","","none","1"
/home/cnd/tmp/dev/ocr_eval_paper/TextEval_1.5/rest/00680334.gt.xml.txt,/home/cnd/tmp/dev/ocr_eval_paper/TextEval_1.5/rest/00680334-00232201.gt4hist.xml.txt,,,,"en Wohnung da⸗","0065,006e,0020,0057,006f,0068,006e,0075,006e,0067,0020,0064,0061,2e17","","","none","1"
/home/cnd/tmp/dev/ocr_eval_paper/TextEval_1.5/rest/00680334.gt.xml.txt,/home/cnd/tmp/dev/ocr_eval_paper/TextEval_1.5/rest/00680334-00232201.gt4hist.xml.txt,,,,"ige jeder Art ein⸗","0069,0067,0065,0020,006a,0065,0064,0065,0072,0020,0041,0072,0074,0020,0065,0069,006e,2e17","","","none","1"
/home/cnd/tmp/dev/ocr_eval_paper/TextEval_1.5/rest/00680334.gt.xml.txt,/home/cnd/tmp/dev/ocr_eval_paper/TextEval_1.5/rest/00680334-00232201.gt4hist.xml.txt,,,,"","eec4","ck","0063,006b","misrecognised","2"
/home/cnd/tmp/dev/ocr_eval_paper/TextEval_1.5/rest/00680334.gt.xml.txt,/home/cnd/tmp/dev/ocr_eval_paper/TextEval_1.5/rest/00680334-00232201.gt4hist.xml.txt,,,,"⸗","2e17","r ","0072,0020","misrecognised","1"
/home/cnd/tmp/dev/ocr_eval_paper/TextEval_1.5/rest/00680334.gt.xml.txt,/home/cnd/tmp/dev/ocr_eval_paper/TextEval_1.5/rest/00680334-00232201.gt4hist.xml.txt,,,,"
Kaufmannsgew","000a,004b,0061,0075,0066,006d,0061,006e,006e,0073,0067,0065,0077","","","none","1"
/home/cnd/tmp/dev/ocr_eval_paper/TextEval_1.5/rest/00680334.gt.xml.txt,/home/cnd/tmp/dev/ocr_eval_paper/TextEval_1.5/rest/00680334-00232201.gt4hist.xml.txt,,,,"aren unter der","0061,0072,0065,006e,0020,0075,006e,0074,0065,0072,0020,0064,0065,0072","","","none","1"
/home/cnd/tmp/dev/ocr_eval_paper/TextEval_1.5/rest/00680334.gt.xml.txt,/home/cnd/tmp/dev/ocr_eval_paper/TextEval_1.5/rest/00680334-00232201.gt4hist.xml.txt,,,,"l","006c,f502","ich","0069,0063,0068","misrecognised","3"
/home/cnd/tmp/dev/ocr_eval_paper/TextEval_1.5/rest/00680334.gt.xml.txt,/home/cnd/tmp/dev/ocr_eval_paper/TextEval_1.5/rest/00680334-00232201.gt4hist.xml.txt,,,,"t worden.","0074,0020,0077,006f,0072,0064,0065,006e,002e","","","none","1"
/home/cnd/tmp/dev/ocr_eval_paper/TextEval_1.5/rest/00680334.gt.xml.txt,/home/cnd/tmp/dev/ocr_eval_paper/TextEval_1.5/rest/00680334-00232201.gt4hist.xml.txt,,,,"267","0032,0036,0037","
— ","000a,0020,0020,000a,2014,0020","misrecognised","1"
/home/cnd/tmp/dev/ocr_eval_paper/TextEval_1.5/rest/00680334.gt.xml.txt,/home/cnd/tmp/dev/ocr_eval_paper/TextEval_1.5/rest/00680334-00232201.gt4hist.xml.txt,,,,"eher des Grund⸗","0065,0068,0065,0072,0020,0064,0065,0073,0020,0047,0072,0075,006e,0064,2e17","","","none","1"
/home/cnd/tmp/dev/ocr_eval_paper/TextEval_1.5/rest/00680334.gt.xml.txt,/home/cnd/tmp/dev/ocr_eval_paper/TextEval_1.5/rest/00680334-00232201.gt4hist.xml.txt,,,,"hren, wegen den ","0068,0072,0065,006e,002c,0020,0077,0065,0067,0065,006e,0020,0064,0065,006e,0020","","","none","1"
/home/cnd/tmp/dev/ocr_eval_paper/TextEval_1.5/rest/00680334.gt.xml.txt,/home/cnd/tmp/dev/ocr_eval_paper/TextEval_1.5/rest/00680334-00232201.gt4hist.xml.txt,,,,"her mit","0068,0065,0072,0020,006d,0069,0074","","","none","1"
/home/cnd/tmp/dev/ocr_eval_paper/TextEval_1.5/rest/00680334.gt.xml.txt,/home/cnd/tmp/dev/ocr_eval_paper/TextEval_1.5/rest/00680334-00232201.gt4hist.xml.txt,,,,"uver","0075,0076,0065,0072","","","none","1"
/home/cnd/tmp/dev/ocr_eval_paper/TextEval_1.5/rest/00680334.gt.xml.txt,/home/cnd/tmp/dev/ocr_eval_paper/TextEval_1.5/rest/00680334-00232201.gt4hist.xml.txt,,,,"aufenden 4 pro⸗","0061,0075,0066,0065,006e,0064,0065,006e,0020,0034,0020,0070,0072,006f,2e17","","","none","1"
/home/cnd/tmp/dev/ocr_eval_paper/TextEval_1.5/rest/00680334.gt.xml.txt,/home/cnd/tmp/dev/ocr_eval_paper/TextEval_1.5/rest/00680334-00232201.gt4hist.xml.txt,,,,"barialgaben an Gru","0062,0061,0072,0069,0061,006c,0067,0061,0062,0065,006e,0020,0061,006e,0020,0047,0072,0075","","","none","1"
/home/cnd/tmp/dev/ocr_eval_paper/TextEval_1.5/rest/00680334.gt.xml.txt,/home/cnd/tmp/dev/ocr_eval_paper/TextEval_1.5/rest/00680334-00232201.gt4hist.xml.txt,,,,"
6. Werden K","000a,0036,002e,0020,0057,0065,0072,0064,0065,006e,0020,004b","","","none","1"
/home/cnd/tmp/dev/ocr_eval_paper/TextEval_1.5/rest/00680334.gt.xml.txt,/home/cnd/tmp/dev/ocr_eval_paper/TextEval_1.5/rest/00680334-00232201.gt4hist.xml.txt,,,,"menprozente, E","006d,0065,006e,0070,0072,006f,007a,0065,006e,0074,0065,002c,0020,0045","","","none","1"
/home/cnd/tmp/dev/ocr_eval_paper/TextEval_1.5/rest/00680334.gt.xml.txt,/home/cnd/tmp/dev/ocr_eval_paper/TextEval_1.5/rest/00680334-00232201.gt4hist.xml.txt,,,,"eigerung","0065,0069,0067,0065,0072,0075,006e,0067","","","none","1"
/home/cnd/tmp/dev/ocr_eval_paper/TextEval_1.5/rest/00680334.gt.xml.txt,/home/cnd/tmp/dev/ocr_eval_paper/TextEval_1.5/rest/00680334-00232201.gt4hist.xml.txt,,,,"r den er","0072,0020,0064,0065,006e,0020,0065,0072","","","none","1"
/home/cnd/tmp/dev/ocr_eval_paper/TextEval_1.5/rest/00680334.gt.xml.txt,/home/cnd/tmp/dev/ocr_eval_paper/TextEval_1.5/rest/00680334-00232201.gt4hist.xml.txt,,,,"1","0031","","","none","1"
/home/cnd/tmp/dev/ocr_eval_paper/TextEval_1.5/rest/00680334.gt.xml.txt,/home/cnd/tmp/dev/ocr_eval_paper/TextEval_1.5/rest/00680334-00232201.gt4hist.xml.txt,,,,"
z","000a,007a","","","none","1"
/home/cnd/tmp/dev/ocr_eval_paper/TextEval_1.5/rest/00680334.gt.xml.txt,/home/cnd/tmp/dev/ocr_eval_paper/TextEval_1.5/rest/00680334-00232201.gt4hist.xml.txt,,,,"k","006b","","","miss","2"
/home/cnd/tmp/dev/ocr_eval_paper/TextEval_1.5/rest/00680334.gt.xml.txt,/home/cnd/tmp/dev/ocr_eval_paper/TextEval_1.5/rest/00680334-00232201.gt4hist.xml.txt,,,,"","","r","0072","false detection","3"
/home/cnd/tmp/dev/ocr_eval_paper/TextEval_1.5/rest/00680334.gt.xml.txt,/home/cnd/tmp/dev/ocr_eval_paper/TextEval_1.5/rest/00680334-00232201.gt4hist.xml.txt,,,,"0. Nov. 1817 mit de","0030,002e,0020,004e,006f,0076,002e,0020,0031,0038,0031,0037,0020,006d,0069,0074,0020,0064,0065","","","none","1"
/home/cnd/tmp/dev/ocr_eval_paper/TextEval_1.5/rest/00680334.gt.xml.txt,/home/cnd/tmp/dev/ocr_eval_paper/TextEval_1.5/rest/00680334-00232201.gt4hist.xml.txt,,,,"er eines der G","0065,0072,0020,0065,0069,006e,0065,0073,0020,0064,0065,0072,0020,0047","","","none","1"
/home/cnd/tmp/dev/ocr_eval_paper/TextEval_1.5/rest/00680334.gt.xml.txt,/home/cnd/tmp/dev/ocr_eval_paper/TextEval_1.5/rest/00680334-00232201.gt4hist.xml.txt,,,,"b","0062","v","0076","misrecognised","7"
/home/cnd/tmp/dev/ocr_eval_paper/TextEval_1.5/rest/00680334.gt.xml.txt,/home/cnd/tmp/dev/ocr_eval_paper/TextEval_1.5/rest/00680334-00232201.gt4hist.xml.txt,,,," werden ","0020,0077,0065,0072,0064,0065,006e,0020","","","none","1"
/home/cnd/tmp/dev/ocr_eval_paper/TextEval_1.5/rest/00680334.gt.xml.txt,/home/cnd/tmp/dev/ocr_eval_paper/TextEval_1.5/rest/00680334-00232201.gt4hist.xml.txt,,,,",","002c","","","miss","8"
/home/cnd/tmp/dev/ocr_eval_paper/TextEval_1.5/rest/00680334.gt.xml.txt,/home/cnd/tmp/dev/ocr_eval_paper/TextEval_1.5/rest/00680334-00232201.gt4hist.xml.txt,,,,"hrenden ","0068,0072,0065,006e,0064,0065,006e,0020","","","none","1"
/home/cnd/tmp/dev/ocr_eval_paper/TextEval_1.5/rest/00680334.gt.xml.txt,/home/cnd/tmp/dev/ocr_eval_paper/TextEval_1.5/rest/00680334-00232201.gt4hist.xml.txt,,,," Einvernehmen der h","0020,0045,0069,006e,0076,0065,0072,006e,0065,0068,006d,0065,006e,0020,0064,0065,0072,0020,0068","","","none","1"
/home/cnd/tmp/dev/ocr_eval_paper/TextEval_1.5/rest/00680334.gt.xml.txt,/home/cnd/tmp/dev/ocr_eval_paper/TextEval_1.5/rest/00680334-00232201.gt4hist.xml.txt,,,,"immten Tagen jedes","0069,006d,006d,0074,0065,006e,0020,0054,0061,0067,0065,006e,0020,006a,0065,0064,0065,0073","","","none","1"
/home/cnd/tmp/dev/ocr_eval_paper/TextEval_1.5/rest/00680334.gt.xml.txt,/home/cnd/tmp/dev/ocr_eval_paper/TextEval_1.5/rest/00680334-00232201.gt4hist.xml.txt,,,,",","002c"," ","0020","misrecognised","1"
/home/cnd/tmp/dev/ocr_eval_paper/TextEval_1.5/rest/00680334.gt.xml.txt,/home/cnd/tmp/dev/ocr_eval_paper/TextEval_1.5/rest/00680334-00232201.gt4hist.xml.txt,,,," geende","0020,0067,0065,0065,006e,0064,0065","","","none","1"
/home/cnd/tmp/dev/ocr_eval_paper/TextEval_1.5/rest/00680334.gt.xml.txt,/home/cnd/tmp/dev/ocr_eval_paper/TextEval_1.5/rest/00680334-00232201.gt4hist.xml.txt,,,,"Briren","0042,0072,0069,0072,0065,006e","— —","2014,0020,2014","misrecognised","1"
/home/cnd/tmp/dev/ocr_eval_paper/TextEval_1.5/rest/00680334.gt.xml.txt,/home/cnd/tmp/dev/ocr_eval_paper/TextEval_1.5/rest/00680334-00232201.gt4hist.xml.txt,,,,"i⸗","0069,2e17","","","none","1"
/home/cnd/tmp/dev/ocr_eval_paper/TextEval_1.5/rest/00680334.gt.xml.txt,/home/cnd/tmp/dev/ocr_eval_paper/TextEval_1.5/rest/00680334-00232201.gt4hist.xml.txt,,,,"
kannt gema","000a,006b,0061,006e,006e,0074,0020,0067,0065,006d,0061","","","none","1"
/home/cnd/tmp/dev/ocr_eval_paper/TextEval_1.5/rest/00680334.gt.xml.txt,/home/cnd/tmp/dev/ocr_eval_paper/TextEval_1.5/rest/00680334-00232201.gt4hist.xml.txt,,,,"","eba6","ff","0066,0066","misrecognised","3"
/home/cnd/tmp/dev/ocr_eval_paper/TextEval_1.5/rest/00680334.gt.xml.txt,/home/cnd/tmp/dev/ocr_eval_paper/TextEval_1.5/rest/00680334-00232201.gt4hist.xml.txt,,,,"
kurſes ","000a,006b,0075,0072,017f,0065,0073,0020","","","none","1"
/home/cnd/tmp/dev/ocr_eval_paper/TextEval_1.5/rest/00680334.gt.xml.txt,/home/cnd/tmp/dev/ocr_eval_paper/TextEval_1.5/rest/00680334-00232201.gt4hist.xml.txt,,,,"i","0069","t","0074","misrecognised","3"
/home/cnd/tmp/dev/ocr_eval_paper/TextEval_1.5/rest/00680334.gt.xml.txt,/home/cnd/tmp/dev/ocr_eval_paper/TextEval_1.5/rest/00680334-00232201.gt4hist.xml.txt,,,,"e und unbe","0065,0020,0075,006e,0064,0020,0075,006e,0062,0065","","","none","1"
/home/cnd/tmp/dev/ocr_eval_paper/TextEval_1.5/rest/00680334.gt.xml.txt,/home/cnd/tmp/dev/ocr_eval_paper/TextEval_1.5/rest/00680334-00232201.gt4hist.xml.txt,,,,"ige","0069,0067,0065","","","none","2"
/home/cnd/tmp/dev/ocr_eval_paper/TextEval_1.5/rest/00680334.gt.xml.txt,/home/cnd/tmp/dev/ocr_eval_paper/TextEval_1.5/rest/00680334-00232201.gt4hist.xml.txt,,,,"",""," . ","0020,002e,0020","false detection","1"
/home/cnd/tmp/dev/ocr_eval_paper/TextEval_1.5/rest/00680334.gt.xml.txt,/home/cnd/tmp/dev/ocr_eval_paper/TextEval_1.5/rest/00680334-00232201.gt4hist.xml.txt,,,,"ng zu ","006e,0067,0020,007a,0075,0020","","","none","1"
/home/cnd/tmp/dev/ocr_eval_paper/TextEval_1.5/rest/00680334.gt.xml.txt,/home/cnd/tmp/dev/ocr_eval_paper/TextEval_1.5/rest/00680334-00232201.gt4hist.xml.txt,,,," derſelben in ","0020,0064,0065,0072,017f,0065,006c,0062,0065,006e,0020,0069,006e,0020","","","none","1"
/home/cnd/tmp/dev/ocr_eval_paper/TextEval_1.5/rest/00680334.gt.xml.txt,/home/cnd/tmp/dev/ocr_eval_paper/TextEval_1.5/rest/00680334-00232201.gt4hist.xml.txt,,,,"er bei dem dies","0065,0072,0020,0062,0065,0069,0020,0064,0065,006d,0020,0064,0069,0065,0073","","","none","1"
/home/cnd/tmp/dev/ocr_eval_paper/TextEval_1.5/rest/00680334.gt.xml.txt,/home/cnd/tmp/dev/ocr_eval_paper/TextEval_1.5/rest/00680334-00232201.gt4hist.xml.txt,,,," der Forderung","0020,0064,0065,0072,0020,0046,006f,0072,0064,0065,0072,0075,006e,0067","","","none","1"
/home/cnd/tmp/dev/ocr_eval_paper/TextEval_1.5/rest/00680334.gt.xml.txt,/home/cnd/tmp/dev/ocr_eval_paper/TextEval_1.5/rest/00680334-00232201.gt4hist.xml.txt,,,,"","","„","201e","false detection","1"
/home/cnd/tmp/dev/ocr_eval_paper/TextEval_1.5/rest/00680334.gt.xml.txt,/home/cnd/tmp/dev/ocr_eval_paper/TextEval_1.5/rest/00680334-00232201.gt4hist.xml.txt,,,,"f","0066","ſ","017f","misrecognised","1"
/home/cnd/tmp/dev/ocr_eval_paper/TextEval_1.5/rest/00680334.gt.xml.txt,/home/cnd/tmp/dev/ocr_eval_paper/TextEval_1.5/rest/00680334-00232201.gt4hist.xml.txt,,,,"","eada","ſt","017f,0074","misrecognised","33"
/home/cnd/tmp/dev/ocr_eval_paper/TextEval_1.5/rest/00680334.gt.xml.txt,/home/cnd/tmp/dev/ocr_eval_paper/TextEval_1.5/rest/00680334-00232201.gt4hist.xml.txt,,,,"Tages","0054,0061,0067,0065,0073","—","2014","misrecognised","1"
/home/cnd/tmp/dev/ocr_eval_paper/TextEval_1.5/rest/00680334.gt.xml.txt,/home/cnd/tmp/dev/ocr_eval_paper/TextEval_1.5/rest/00680334-00232201.gt4hist.xml.txt,,,,"
meh","000a,006d,0065,0068","","","none","1"
/home/cnd/tmp/dev/ocr_eval_paper/TextEval_1.5/rest/00680334.gt.xml.txt,/home/cnd/tmp/dev/ocr_eval_paper/TextEval_1.5/rest/00680334-00232201.gt4hist.xml.txt,,,,"i","0069","","","miss","1"
/home/cnd/tmp/dev/ocr_eval_paper/TextEval_1.5/rest/00680334.gt.xml.txt,/home/cnd/tmp/dev/ocr_eval_paper/TextEval_1.5/rest/00680334-00232201.gt4hist.xml.txt,,,,"i","0069","","","none","9"
/home/cnd/tmp/dev/ocr_eval_paper/TextEval_1.5/rest/00680334.gt.xml.txt,/home/cnd/tmp/dev/ocr_eval_paper/TextEval_1.5/rest/00680334-00232201.gt4hist.xml.txt,,,,"Nüt","004e,00fc,eec4,eba2,f502,0074","—","2014","misrecognised","1"
/home/cnd/tmp/dev/ocr_eval_paper/TextEval_1.5/rest/00680334.gt.xml.txt,/home/cnd/tmp/dev/ocr_eval_paper/TextEval_1.5/rest/00680334-00232201.gt4hist.xml.txt,,,," Lande Tyro","0020,004c,0061,006e,0064,0065,0020,0054,0079,0072,006f","","","none","1"
/home/cnd/tmp/dev/ocr_eval_paper/TextEval_1.5/rest/00680334.gt.xml.txt,/home/cnd/tmp/dev/ocr_eval_paper/TextEval_1.5/rest/00680334-00232201.gt4hist.xml.txt,,,,"en ","0065,006e,0020","","","none","2"
/home/cnd/tmp/dev/ocr_eval_paper/TextEval_1.5/rest/00680334.gt.xml.txt,/home/cnd/tmp/dev/ocr_eval_paper/TextEval_1.5/rest/00680334-00232201.gt4hist.xml.txt,,,,"l","006c","","","miss","3"
/home/cnd/tmp/dev/ocr_eval_paper/TextEval_1.5/rest/00680334.gt.xml.txt,/home/cnd/tmp/dev/ocr_eval_paper/TextEval_1.5/rest/00680334-00232201.gt4hist.xml.txt,,,,"ngeme","006e,0067,0065,006d,0065","","","none","1"
/home/cnd/tmp/dev/ocr_eval_paper/TextEval_1.5/rest/00680334.gt.xml.txt,/home/cnd/tmp/dev/ocr_eval_paper/TextEval_1.5/rest/00680334-00232201.gt4hist.xml.txt,,,,"ä","00e4","aͤ","0061,0364","misrecognised","9"
/home/cnd/tmp/dev/ocr_eval_paper/TextEval_1.5/rest/00680334.gt.xml.txt,/home/cnd/tmp/dev/ocr_eval_paper/TextEval_1.5/rest/00680334-00232201.gt4hist.xml.txt,,,,"ſen","017f,0065,006e","","","none","1"
/home/cnd/tmp/dev/ocr_eval_paper/TextEval_1.5/rest/00680334.gt.xml.txt,/home/cnd/tmp/dev/ocr_eval_paper/TextEval_1.5/rest/00680334-00232201.gt4hist.xml.txt,,,,"e au","0065,0020,0061,0075","","","none","1"
/home/cnd/tmp/dev/ocr_eval_paper/TextEval_1.5/rest/00680334.gt.xml.txt,/home/cnd/tmp/dev/ocr_eval_paper/TextEval_1.5/rest/00680334-00232201.gt4hist.xml.txt,,,,", oder wenn ","002c,0020,006f,0064,0065,0072,0020,0077,0065,006e,006e,0020","","","none","1"
/home/cnd/tmp/dev/ocr_eval_paper/TextEval_1.5/rest/00680334.gt.xml.txt,/home/cnd/tmp/dev/ocr_eval_paper/TextEval_1.5/rest/00680334-00232201.gt4hist.xml.txt,,,," zu fordern h","0020,007a,0075,0020,0066,006f,0072,0064,0065,0072,006e,0020,0068","","","none","1"
/home/cnd/tmp/dev/ocr_eval_paper/TextEval_1.5/rest/00680334.gt.xml.txt,/home/cnd/tmp/dev/ocr_eval_paper/TextEval_1.5/rest/00680334-00232201.gt4hist.xml.txt,,,,"e etwa in die Ma","0065,0020,0065,0074,0077,0061,0020,0069,006e,0020,0064,0069,0065,0020,004d,0061","","","none","1"
/home/cnd/tmp/dev/ocr_eval_paper/TextEval_1.5/rest/00680334.gt.xml.txt,/home/cnd/tmp/dev/ocr_eval_paper/TextEval_1.5/rest/00680334-00232201.gt4hist.xml.txt,,,,"er Pfa","0065,0072,0020,0050,0066,0061","","","none","1"
/home/cnd/tmp/dev/ocr_eval_paper/TextEval_1.5/rest/00680334.gt.xml.txt,/home/cnd/tmp/dev/ocr_eval_paper/TextEval_1.5/rest/00680334-00232201.gt4hist.xml.txt,,,,"en gekommen","0065,006e,0020,0067,0065,006b,006f,006d,006d,0065,006e","","","none","1"
/home/cnd/tmp/dev/ocr_eval_paper/TextEval_1.5/rest/00680334.gt.xml.txt,/home/cnd/tmp/dev/ocr_eval_paper/TextEval_1.5/rest/00680334-00232201.gt4hist.xml.txt,,,," Johann Goltiner","0020,004a,006f,0068,0061,006e,006e,0020,0047,006f,006c,0074,0069,006e,0065,0072","","","none","1"
/home/cnd/tmp/dev/ocr_eval_paper/TextEval_1.5/rest/00680334.gt.xml.txt,/home/cnd/tmp/dev/ocr_eval_paper/TextEval_1.5/rest/00680334-00232201.gt4hist.xml.txt,,,,"anzlei anberaumet, wozu ſ","0061,006e,007a,006c,0065,0069,0020,0061,006e,0062,0065,0072,0061,0075,006d,0065,0074,002c,0020,0077,006f,007a,0075,0020,017f","","","none","1"
/home/cnd/tmp/dev/ocr_eval_paper/TextEval_1.5/rest/00680334.gt.xml.txt,/home/cnd/tmp/dev/ocr_eval_paper/TextEval_1.5/rest/00680334-00232201.gt4hist.xml.txt,,,,".","002e","","","miss","1"
/home/cnd/tmp/dev/ocr_eval_paper/TextEval_1.5/rest/00680334.gt.xml.txt,/home/cnd/tmp/dev/ocr_eval_paper/TextEval_1.5/rest/00680334-00232201.gt4hist.xml.txt,,,,"t⸗","0074,2e17","","","none","1"
/home/cnd/tmp/dev/ocr_eval_paper/TextEval_1.5/rest/00680334.gt.xml.txt,/home/cnd/tmp/dev/ocr_eval_paper/TextEval_1.5/rest/00680334-00232201.gt4hist.xml.txt,,,,"n","006e","uͤ","0075,0364","misrecognised","1"
/home/cnd/tmp/dev/ocr_eval_paper/TextEval_1.5/rest/00680334.gt.xml.txt,/home/cnd/tmp/dev/ocr_eval_paper/TextEval_1.5/rest/00680334-00232201.gt4hist.xml.txt,,,,"te Freundsberg ","0074,0065,0020,0046,0072,0065,0075,006e,0064,0073,0062,0065,0072,0067,0020","","","none","1"
/home/cnd/tmp/dev/ocr_eval_paper/TextEval_1.5/rest/00680334.gt.xml.txt,/home/cnd/tmp/dev/ocr_eval_paper/TextEval_1.5/rest/00680334-00232201.gt4hist.xml.txt,,,," Bauer zu Stans, als Ku","0020,0042,0061,0075,0065,0072,0020,007a,0075,0020,0053,0074,0061,006e,0073,002c,0020,0061,006c,0073,0020,004b,0075","","","none","1"
/home/cnd/tmp/dev/ocr_eval_paper/TextEval_1.5/rest/00680334.gt.xml.txt,/home/cnd/tmp/dev/ocr_eval_paper/TextEval_1.5/rest/00680334-00232201.gt4hist.xml.txt,,,," dahier in zwei ","0020,0064,0061,0068,0069,0065,0072,0020,0069,006e,0020,007a,0077,0065,0069,0020","","","none","1"
/home/cnd/tmp/dev/ocr_eval_paper/TextEval_1.5/rest/00680334.gt.xml.txt,/home/cnd/tmp/dev/ocr_eval_paper/TextEval_1.5/rest/00680334-00232201.gt4hist.xml.txt,,,," eigenes Verm","0020,0065,0069,0067,0065,006e,0065,0073,0020,0056,0065,0072,006d","","","none","1"
/home/cnd/tmp/dev/ocr_eval_paper/TextEval_1.5/rest/00680334.gt.xml.txt,/home/cnd/tmp/dev/ocr_eval_paper/TextEval_1.5/rest/00680334-00232201.gt4hist.xml.txt,,,,"
zuweiſen vermag.","000a,007a,0075,0077,0065,0069,017f,0065,006e,0020,0076,0065,0072,006d,0061,0067,002e","","","none","1"
/home/cnd/tmp/dev/ocr_eval_paper/TextEval_1.5/rest/00680334.gt.xml.txt,/home/cnd/tmp/dev/ocr_eval_paper/TextEval_1.5/rest/00680334-00232201.gt4hist.xml.txt,,,," das Eigenthum, abe","0020,0064,0061,0073,0020,0045,0069,0067,0065,006e,0074,0068,0075,006d,002c,0020,0061,0062,0065","","","none","1"
/home/cnd/tmp/dev/ocr_eval_paper/TextEval_1.5/rest/00680334.gt.xml.txt,/home/cnd/tmp/dev/ocr_eval_paper/TextEval_1.5/rest/00680334-00232201.gt4hist.xml.txt,,,," bis zur Tilgung der ","0020,0062,0069,0073,0020,007a,0075,0072,0020,0054,0069,006c,0067,0075,006e,0067,0020,0064,0065,0072,0020","","","none","1"
/home/cnd/tmp/dev/ocr_eval_paper/TextEval_1.5/rest/00680334.gt.xml.txt,/home/cnd/tmp/dev/ocr_eval_paper/TextEval_1.5/rest/00680334-00232201.gt4hist.xml.txt,,,," die vorhandenen","0020,0064,0069,0065,0020,0076,006f,0072,0068,0061,006e,0064,0065,006e,0065,006e","","","none","1"
/home/cnd/tmp/dev/ocr_eval_paper/TextEval_1.5/rest/00680334.gt.xml.txt,/home/cnd/tmp/dev/ocr_eval_paper/TextEval_1.5/rest/00680334-00232201.gt4hist.xml.txt,,,,"gegen glei","0067,0065,0067,0065,006e,0020,0067,006c,0065,0069","","","none","1"
/home/cnd/tmp/dev/ocr_eval_paper/TextEval_1.5/rest/00680334.gt.xml.txt,/home/cnd/tmp/dev/ocr_eval_paper/TextEval_1.5/rest/00680334-00232201.gt4hist.xml.txt,,,,"riſ","0072,0069,017f","","","none","1"
/home/cnd/tmp/dev/ocr_eval_paper/TextEval_1.5/rest/00680334.gt.xml.txt,/home/cnd/tmp/dev/ocr_eval_paper/TextEval_1.5/rest/00680334-00232201.gt4hist.xml.txt,,,,"
hier ver","000a,0068,0069,0065,0072,0020,0076,0065,0072","","","none","1"
/home/cnd/tmp/dev/ocr_eval_paper/TextEval_1.5/rest/00680334.gt.xml.txt,/home/cnd/tmp/dev/ocr_eval_paper/TextEval_1.5/rest/00680334-00232201.gt4hist.xml.txt,,,,"slu","0073,006c,0075","","","none","1"
/home/cnd/tmp/dev/ocr_eval_paper/TextEval_1.5/rest/00680334.gt.xml.txt,/home/cnd/tmp/dev/ocr_eval_paper/TextEval_1.5/rest/00680334-00232201.gt4hist.xml.txt,,,,"eladen ","0065,006c,0061,0064,0065,006e,0020","","","none","1"
/home/cnd/tmp/dev/ocr_eval_paper/TextEval_1.5/rest/00680334.gt.xml.txt,/home/cnd/tmp/dev/ocr_eval_paper/TextEval_1.5/rest/00680334-00232201.gt4hist.xml.txt,,,,"bei be","0062,0065,0069,0020,0062,0065","","","none","1"
/home/cnd/tmp/dev/ocr_eval_paper/TextEval_1.5/rest/00680334.gt.xml.txt,/home/cnd/tmp/dev/ocr_eval_paper/TextEval_1.5/rest/00680334-00232201.gt4hist.xml.txt,,,,"bei wel","0062,0065,0069,0020,0077,0065,006c","","","none","1"
/home/cnd/tmp/dev/ocr_eval_paper/TextEval_1.5/rest/00680334.gt.xml.txt,/home/cnd/tmp/dev/ocr_eval_paper/TextEval_1.5/rest/00680334-00232201.gt4hist.xml.txt,,,," mit Spezerei","0020,006d,0069,0074,0020,0053,0070,0065,007a,0065,0072,0065,0069","","","none","1"
/home/cnd/tmp/dev/ocr_eval_paper/TextEval_1.5/rest/00680334.gt.xml.txt,/home/cnd/tmp/dev/ocr_eval_paper/TextEval_1.5/rest/00680334-00232201.gt4hist.xml.txt,,,,"","eedc","tz","0074,007a","misrecognised","6"
/home/cnd/tmp/dev/ocr_eval_paper/TextEval_1.5/rest/00680334.gt.xml.txt,/home/cnd/tmp/dev/ocr_eval_paper/TextEval_1.5/rest/00680334-00232201.gt4hist.xml.txt,,,,"tionsſ","0074,0069,006f,006e,0073,017f","","","none","1"
/home/cnd/tmp/dev/ocr_eval_paper/TextEval_1.5/rest/00680334.gt.xml.txt,/home/cnd/tmp/dev/ocr_eval_paper/TextEval_1.5/rest/00680334-00232201.gt4hist.xml.txt,,,,"e aber no","0065,0020,0061,0062,0065,0072,0020,006e,006f","","","none","1"
/home/cnd/tmp/dev/ocr_eval_paper/TextEval_1.5/rest/00680334.gt.xml.txt,/home/cnd/tmp/dev/ocr_eval_paper/TextEval_1.5/rest/00680334-00232201.gt4hist.xml.txt,,,,"ü","00fc","uͤ","0075,0364","misrecognised","17"
/home/cnd/tmp/dev/ocr_eval_paper/TextEval_1.5/rest/00680334.gt.xml.txt,/home/cnd/tmp/dev/ocr_eval_paper/TextEval_1.5/rest/00680334-00232201.gt4hist.xml.txt,,,," des Ka","0020,0064,0065,0073,0020,004b,0061","","","none","1"
/home/cnd/tmp/dev/ocr_eval_paper/TextEval_1.5/rest/00680334.gt.xml.txt,/home/cnd/tmp/dev/ocr_eval_paper/TextEval_1.5/rest/00680334-00232201.gt4hist.xml.txt,,,," Mei","0020,004d,0065,0069","","","none","1"
/home/cnd/tmp/dev/ocr_eval_paper/TextEval_1.5/rest/00680334.gt.xml.txt,/home/cnd/tmp/dev/ocr_eval_paper/TextEval_1.5/rest/00680334-00232201.gt4hist.xml.txt,,,,"j","006a","z","007a","misrecognised","1"
/home/cnd/tmp/dev/ocr_eval_paper/TextEval_1.5/rest/00680334.gt.xml.txt,/home/cnd/tmp/dev/ocr_eval_paper/TextEval_1.5/rest/00680334-00232201.gt4hist.xml.txt,,,,"ehen","0065,0068,0065,006e","","","none","1"
/home/cnd/tmp/dev/ocr_eval_paper/TextEval_1.5/rest/00680334.gt.xml.txt,/home/cnd/tmp/dev/ocr_eval_paper/TextEval_1.5/rest/00680334-00232201.gt4hist.xml.txt,,,,"d","0064","l","006c","misrecognised","1"
/home/cnd/tmp/dev/ocr_eval_paper/TextEval_1.5/rest/00680334.gt.xml.txt,/home/cnd/tmp/dev/ocr_eval_paper/TextEval_1.5/rest/00680334-00232201.gt4hist.xml.txt,,,,"ahr neb","0061,0068,0072,0020,006e,0065,0062","","","none","1"
/home/cnd/tmp/dev/ocr_eval_paper/TextEval_1.5/rest/00680334.gt.xml.txt,/home/cnd/tmp/dev/ocr_eval_paper/TextEval_1.5/rest/00680334-00232201.gt4hist.xml.txt,,,,"igen","0069,0067,0065,006e","","","none","1"
/home/cnd/tmp/dev/ocr_eval_paper/TextEval_1.5/rest/00680334.gt.xml.txt,/home/cnd/tmp/dev/ocr_eval_paper/TextEval_1.5/rest/00680334-00232201.gt4hist.xml.txt,,,,"uf Haus und G","0075,0066,0020,0048,0061,0075,0073,0020,0075,006e,0064,0020,0047","","","none","1"
/home/cnd/tmp/dev/ocr_eval_paper/TextEval_1.5/rest/00680334.gt.xml.txt,/home/cnd/tmp/dev/ocr_eval_paper/TextEval_1.5/rest/00680334-00232201.gt4hist.xml.txt,,,,"gen, und wann im⸗","0067,0065,006e,002c,0020,0075,006e,0064,0020,0077,0061,006e,006e,0020,0069,006d,2e17","","","none","1"
/home/cnd/tmp/dev/ocr_eval_paper/TextEval_1.5/rest/00680334.gt.xml.txt,/home/cnd/tmp/dev/ocr_eval_paper/TextEval_1.5/rest/00680334-00232201.gt4hist.xml.txt,,,,"en. Auf g","0065,006e,002e,0020,0041,0075,0066,0020,0067","","","none","1"
/home/cnd/tmp/dev/ocr_eval_paper/TextEval_1.5/rest/00680334.gt.xml.txt,/home/cnd/tmp/dev/ocr_eval_paper/TextEval_1.5/rest/00680334-00232201.gt4hist.xml.txt,,,,"ä","00e4","e","0065","misrecognised","1"
/home/cnd/tmp/dev/ocr_eval_paper/TextEval_1.5/rest/00680334.gt.xml.txt,/home/cnd/tmp/dev/ocr_eval_paper/TextEval_1.5/rest/00680334-00232201.gt4hist.xml.txt,,,,"t, die Kaufp","0074,002c,0020,0064,0069,0065,0020,004b,0061,0075,0066,0070","","","none","1"
/home/cnd/tmp/dev/ocr_eval_paper/TextEval_1.5/rest/00680334.gt.xml.txt,/home/cnd/tmp/dev/ocr_eval_paper/TextEval_1.5/rest/00680334-00232201.gt4hist.xml.txt,,,,"us eige⸗","0075,0073,0020,0065,0069,0067,0065,2e17","","","none","1"
/home/cnd/tmp/dev/ocr_eval_paper/TextEval_1.5/rest/00680334.gt.xml.txt,/home/cnd/tmp/dev/ocr_eval_paper/TextEval_1.5/rest/00680334-00232201.gt4hist.xml.txt,,,," drei Te","0020,0064,0072,0065,0069,0020,0054,0065","","","none","1"
/home/cnd/tmp/dev/ocr_eval_paper/TextEval_1.5/rest/00680334.gt.xml.txt,/home/cnd/tmp/dev/ocr_eval_paper/TextEval_1.5/rest/00680334-00232201.gt4hist.xml.txt,,,,"war f","0077,0061,0072,0020,0066","","","none","1"
/home/cnd/tmp/dev/ocr_eval_paper/TextEval_1.5/rest/00680334.gt.xml.txt,/home/cnd/tmp/dev/ocr_eval_paper/TextEval_1.5/rest/00680334-00232201.gt4hist.xml.txt,,,,"","","48","0034,0038","false detection","1"
/home/cnd/tmp/dev/ocr_eval_paper/TextEval_1.5/rest/00680334.gt.xml.txt,/home/cnd/tmp/dev/ocr_eval_paper/TextEval_1.5/rest/00680334-00232201.gt4hist.xml.txt,,,,"8﻿�7","0038,feff,fffd,0037","2","0032","misrecognised","1"
/home/cnd/tmp/dev/ocr_eval_paper/TextEval_1.5/rest/00680334.gt.xml.txt,/home/cnd/tmp/dev/ocr_eval_paper/TextEval_1.5/rest/00680334-00232201.gt4hist.xml.txt,,,,"immt worden i","0069,006d,006d,0074,0020,0077,006f,0072,0064,0065,006e,0020,0069","","","none","1"
/home/cnd/tmp/dev/ocr_eval_paper/TextEval_1.5/rest/00680334.gt.xml.txt,/home/cnd/tmp/dev/ocr_eval_paper/TextEval_1.5/rest/00680334-00232201.gt4hist.xml.txt,,,,"v","0076","d","0064","misrecognised","2"
/home/cnd/tmp/dev/ocr_eval_paper/TextEval_1.5/rest/00680334.gt.xml.txt,/home/cnd/tmp/dev/ocr_eval_paper/TextEval_1.5/rest/00680334-00232201.gt4hist.xml.txt,,,,"e weder bei","0065,0020,0077,0065,0064,0065,0072,0020,0062,0065,0069","","","none","1"
/home/cnd/tmp/dev/ocr_eval_paper/TextEval_1.5/rest/00680334.gt.xml.txt,/home/cnd/tmp/dev/ocr_eval_paper/TextEval_1.5/rest/00680334-00232201.gt4hist.xml.txt,,,,"ber an ","0062,0065,0072,0020,0061,006e,0020","","","none","1"
/home/cnd/tmp/dev/ocr_eval_paper/TextEval_1.5/rest/00680334.gt.xml.txt,/home/cnd/tmp/dev/ocr_eval_paper/TextEval_1.5/rest/00680334-00232201.gt4hist.xml.txt,,,,"te","0074,0065","","","none","3"
/home/cnd/tmp/dev/ocr_eval_paper/TextEval_1.5/rest/00680334.gt.xml.txt,/home/cnd/tmp/dev/ocr_eval_paper/TextEval_1.5/rest/00680334-00232201.gt4hist.xml.txt,,,,"ution f","0075,0074,0069,006f,006e,0020,0066","","","none","1"
/home/cnd/tmp/dev/ocr_eval_paper/TextEval_1.5/rest/00680334.gt.xml.txt,/home/cnd/tmp/dev/ocr_eval_paper/TextEval_1.5/rest/00680334-00232201.gt4hist.xml.txt,,,,"Glau⸗","0047,006c,0061,0075,2e17","—— ","2014,2014,0020","misrecognised","1"
/home/cnd/tmp/dev/ocr_eval_paper/TextEval_1.5/rest/00680334.gt.xml.txt,/home/cnd/tmp/dev/ocr_eval_paper/TextEval_1.5/rest/00680334-00232201.gt4hist.xml.txt,,,,"en na","0065,006e,0020,006e,0061","","","none","1"
/home/cnd/tmp/dev/ocr_eval_paper/TextEval_1.5/rest/00680334.gt.xml.txt,/home/cnd/tmp/dev/ocr_eval_paper/TextEval_1.5/rest/00680334-00232201.gt4hist.xml.txt,,,,"ungswerth einge⸗","0075,006e,0067,0073,0077,0065,0072,0074,0068,0020,0065,0069,006e,0067,0065,2e17","","","none","1"
/home/cnd/tmp/dev/ocr_eval_paper/TextEval_1.5/rest/00680334.gt.xml.txt,/home/cnd/tmp/dev/ocr_eval_paper/TextEval_1.5/rest/00680334-00232201.gt4hist.xml.txt,,,,"tskanzlei an","0074,0073,006b,0061,006e,007a,006c,0065,0069,0020,0061,006e","","","none","1"
/home/cnd/tmp/dev/ocr_eval_paper/TextEval_1.5/rest/00680334.gt.xml.txt,/home/cnd/tmp/dev/ocr_eval_paper/TextEval_1.5/rest/00680334-00232201.gt4hist.xml.txt,,,,"m","006d","","","none","1"
/home/cnd/tmp/dev/ocr_eval_paper/TextEval_1.5/rest/00680334.gt.xml.txt,/home/cnd/tmp/dev/ocr_eval_paper/TextEval_1.5/rest/00680334-00232201.gt4hist.xml.txt,,,,"orſ","006f,0072,017f","","","none","1"
/home/cnd/tmp/dev/ocr_eval_paper/TextEval_1.5/rest/00680334.gt.xml.txt,/home/cnd/tmp/dev/ocr_eval_paper/TextEval_1.5/rest/00680334-00232201.gt4hist.xml.txt,,,," werden","0020,0077,0065,0072,0064,0065,006e","","","none","1"
/home/cnd/tmp/dev/ocr_eval_paper/TextEval_1.5/rest/00680334.gt.xml.txt,/home/cnd/tmp/dev/ocr_eval_paper/TextEval_1.5/rest/00680334-00232201.gt4hist.xml.txt,,,,"t","0074","r","0072","misrecognised","6"
/home/cnd/tmp/dev/ocr_eval_paper/TextEval_1.5/rest/00680334.gt.xml.txt,/home/cnd/tmp/dev/ocr_eval_paper/TextEval_1.5/rest/00680334-00232201.gt4hist.xml.txt,,,," anmit be⸗","0020,0061,006e,006d,0069,0074,0020,0062,0065,2e17","","","none","1"
/home/cnd/tmp/dev/ocr_eval_paper/TextEval_1.5/rest/00680334.gt.xml.txt,/home/cnd/tmp/dev/ocr_eval_paper/TextEval_1.5/rest/00680334-00232201.gt4hist.xml.txt,,,,"
Es ſeye v","000a,0045,0073,0020,017f,0065,0079,0065,0020,0076","","","none","1"
/home/cnd/tmp/dev/ocr_eval_paper/TextEval_1.5/rest/00680334.gt.xml.txt,/home/cnd/tmp/dev/ocr_eval_paper/TextEval_1.5/rest/00680334-00232201.gt4hist.xml.txt,,,,"e bewegli","0065,0020,0062,0065,0077,0065,0067,006c,0069","","","none","1"
/home/cnd/tmp/dev/ocr_eval_paper/TextEval_1.5/rest/00680334.gt.xml.txt,/home/cnd/tmp/dev/ocr_eval_paper/TextEval_1.5/rest/00680334-00232201.gt4hist.xml.txt,,,,"e Verm","0065,0020,0056,0065,0072,006d","","","none","1"
/home/cnd/tmp/dev/ocr_eval_paper/TextEval_1.5/rest/00680334.gt.xml.txt,/home/cnd/tmp/dev/ocr_eval_paper/TextEval_1.5/rest/00680334-00232201.gt4hist.xml.txt,,,,"","f4f9","ll","006c,006c","misrecognised","1"
/home/cnd/tmp/dev/ocr_eval_paper/TextEval_1.5/rest/00680334.gt.xml.txt,/home/cnd/tmp/dev/ocr_eval_paper/TextEval_1.5/rest/00680334-00232201.gt4hist.xml.txt,,,,"r","0072","t","0074","misrecognised","12"
/home/cnd/tmp/dev/ocr_eval_paper/TextEval_1.5/rest/00680334.gt.xml.txt,/home/cnd/tmp/dev/ocr_eval_paper/TextEval_1.5/rest/00680334-00232201.gt4hist.xml.txt,,,,"","","ü","00fc","false detection","1"
/home/cnd/tmp/dev/ocr_eval_paper/TextEval_1.5/rest/00680334.gt.xml.txt,/home/cnd/tmp/dev/ocr_eval_paper/TextEval_1.5/rest/00680334-00232201.gt4hist.xml.txt,,,,"ellen ","0065,006c,006c,0065,006e,0020","","","none","1"
/home/cnd/tmp/dev/ocr_eval_paper/TextEval_1.5/rest/00680334.gt.xml.txt,/home/cnd/tmp/dev/ocr_eval_paper/TextEval_1.5/rest/00680334-00232201.gt4hist.xml.txt,,,,"Anmeidung","0041,006e,006d,0065,0069,0064,0075,006e,0067","—  —","2014,0020,0020,2014","misrecognised","1"
/home/cnd/tmp/dev/ocr_eval_paper/TextEval_1.5/rest/00680334.gt.xml.txt,/home/cnd/tmp/dev/ocr_eval_paper/TextEval_1.5/rest/00680334-00232201.gt4hist.xml.txt,,,,"age bis ſp","0061,0067,0065,0020,0062,0069,0073,0020,017f,0070","","","none","1"
/home/cnd/tmp/dev/ocr_eval_paper/TextEval_1.5/rest/00680334.gt.xml.txt,/home/cnd/tmp/dev/ocr_eval_paper/TextEval_1.5/rest/00680334-00232201.gt4hist.xml.txt,,,,". alſo ge⸗","002e,0020,0061,006c,017f,006f,0020,0067,0065,2e17","","","none","1"
/home/cnd/tmp/dev/ocr_eval_paper/TextEval_1.5/rest/00680334.gt.xml.txt,/home/cnd/tmp/dev/ocr_eval_paper/TextEval_1.5/rest/00680334-00232201.gt4hist.xml.txt,,,,"te einzurei","0074,0065,0020,0065,0069,006e,007a,0075,0072,0065,0069","","","none","1"
/home/cnd/tmp/dev/ocr_eval_paper/TextEval_1.5/rest/00680334.gt.xml.txt,/home/cnd/tmp/dev/ocr_eval_paper/TextEval_1.5/rest/00680334-00232201.gt4hist.xml.txt,,,," die Ri","0020,0064,0069,0065,0020,0052,0069","","","none","1"
/home/cnd/tmp/dev/ocr_eval_paper/TextEval_1.5/rest/00680334.gt.xml.txt,/home/cnd/tmp/dev/ocr_eval_paper/TextEval_1.5/rest/00680334-00232201.gt4hist.xml.txt,,,,"
dern au","000a,0064,0065,0072,006e,0020,0061,0075","","","none","1"
/home/cnd/tmp/dev/ocr_eval_paper/TextEval_1.5/rest/00680334.gt.xml.txt,/home/cnd/tmp/dev/ocr_eval_paper/TextEval_1.5/rest/00680334-00232201.gt4hist.xml.txt,,,,"and","0061,006e,0064","","","none","1"
/home/cnd/tmp/dev/ocr_eval_paper/TextEval_1.5/rest/00680334.gt.xml.txt,/home/cnd/tmp/dev/ocr_eval_paper/TextEval_1.5/rest/00680334-00232201.gt4hist.xml.txt,,,," geh","0020,0067,0065,0068","","","none","1"
/home/cnd/tmp/dev/ocr_eval_paper/TextEval_1.5/rest/00680334.gt.xml.txt,/home/cnd/tmp/dev/ocr_eval_paper/TextEval_1.5/rest/00680334-00232201.gt4hist.xml.txt,,,,"n","006e","","","miss","4"
/home/cnd/tmp/dev/ocr_eval_paper/TextEval_1.5/rest/00680334.gt.xml.txt,/home/cnd/tmp/dev/ocr_eval_paper/TextEval_1.5/rest/00680334-00232201.gt4hist.xml.txt,,,,"
i","000a,0069","","","none","1"
/home/cnd/tmp/dev/ocr_eval_paper/TextEval_1.5/rest/00680334.gt.xml.txt,/home/cnd/tmp/dev/ocr_eval_paper/TextEval_1.5/rest/00680334-00232201.gt4hist.xml.txt,,,,"","","ͤ","0364","false detection","4"
/home/cnd/tmp/dev/ocr_eval_paper/TextEval_1.5/rest/00680334.gt.xml.txt,/home/cnd/tmp/dev/ocr_eval_paper/TextEval_1.5/rest/00680334-00232201.gt4hist.xml.txt,,,,"nd","006e,0064","","","none","3"
/home/cnd/tmp/dev/ocr_eval_paper/TextEval_1.5/rest/00680334.gt.xml.txt,/home/cnd/tmp/dev/ocr_eval_paper/TextEval_1.5/rest/00680334-00232201.gt4hist.xml.txt,,,,"erm","0065,0072,006d","","","none","1"
/home/cnd/tmp/dev/ocr_eval_paper/TextEval_1.5/rest/00680334.gt.xml.txt,/home/cnd/tmp/dev/ocr_eval_paper/TextEval_1.5/rest/00680334-00232201.gt4hist.xml.txt,,,,"l","006c","i","0069","misrecognised","8"
/home/cnd/tmp/dev/ocr_eval_paper/TextEval_1.5/rest/00680334.gt.xml.txt,/home/cnd/tmp/dev/ocr_eval_paper/TextEval_1.5/rest/00680334-00232201.gt4hist.xml.txt,,,,"öp","00f6,0070","oͤy","006f,0364,0079","misrecognised","1"
/home/cnd/tmp/dev/ocr_eval_paper/TextEval_1.5/rest/00680334.gt.xml.txt,/home/cnd/tmp/dev/ocr_eval_paper/TextEval_1.5/rest/00680334-00232201.gt4hist.xml.txt,,,,"hne","0068,006e,0065","","","none","1"
/home/cnd/tmp/dev/ocr_eval_paper/TextEval_1.5/rest/00680334.gt.xml.txt,/home/cnd/tmp/dev/ocr_eval_paper/TextEval_1.5/rest/00680334-00232201.gt4hist.xml.txt,,,,"in","0069,006e","m","006d","misrecognised","4"
/home/cnd/tmp/dev/ocr_eval_paper/TextEval_1.5/rest/00680334.gt.xml.txt,/home/cnd/tmp/dev/ocr_eval_paper/TextEval_1.5/rest/00680334-00232201.gt4hist.xml.txt,,,,"","f502","ch ","0063,0068,0020","misrecognised","1"
/home/cnd/tmp/dev/ocr_eval_paper/TextEval_1.5/rest/00680334.gt.xml.txt,/home/cnd/tmp/dev/ocr_eval_paper/TextEval_1.5/rest/00680334-00232201.gt4hist.xml.txt,,,," ihnen wirk","0020,0069,0068,006e,0065,006e,0020,0077,0069,0072,006b","","","none","1"
/home/cnd/tmp/dev/ocr_eval_paper/TextEval_1.5/rest/00680334.gt.xml.txt,/home/cnd/tmp/dev/ocr_eval_paper/TextEval_1.5/rest/00680334-00232201.gt4hist.xml.txt,,,," ein ei⸗","0020,0065,0069,006e,0020,0065,0069,2e17","","","none","1"
/home/cnd/tmp/dev/ocr_eval_paper/TextEval_1.5/rest/00680334.gt.xml.txt,/home/cnd/tmp/dev/ocr_eval_paper/TextEval_1.5/rest/00680334-00232201.gt4hist.xml.txt,,,,"a","0061","","","none","10"
/home/cnd/tmp/dev/ocr_eval_paper/TextEval_1.5/rest/00680334.gt.xml.txt,/home/cnd/tmp/dev/ocr_eval_paper/TextEval_1.5/rest/00680334-00232201.gt4hist.xml.txt,,,,"
wenn au","000a,0077,0065,006e,006e,0020,0061,0075","","","none","1"
/home/cnd/tmp/dev/ocr_eval_paper/TextEval_1.5/rest/00680334.gt.xml.txt,/home/cnd/tmp/dev/ocr_eval_paper/TextEval_1.5/rest/00680334-00232201.gt4hist.xml.txt,,,,"ubiger","0075,0062,0069,0067,0065,0072","","","none","1"
/home/cnd/tmp/dev/ocr_eval_paper/TextEval_1.5/rest/00680334.gt.xml.txt,/home/cnd/tmp/dev/ocr_eval_paper/TextEval_1.5/rest/00680334-00232201.gt4hist.xml.txt,,,,"dig ſeyn ſol","0064,0069,0067,0020,017f,0065,0079,006e,0020,017f,006f,006c","","","none","1"
/home/cnd/tmp/dev/ocr_eval_paper/TextEval_1.5/rest/00680334.gt.xml.txt,/home/cnd/tmp/dev/ocr_eval_paper/TextEval_1.5/rest/00680334-00232201.gt4hist.xml.txt,,,,"gen","0067,0065,006e","","","none","3"
/home/cnd/tmp/dev/ocr_eval_paper/TextEval_1.5/rest/00680334.gt.xml.txt,/home/cnd/tmp/dev/ocr_eval_paper/TextEval_1.5/rest/00680334-00232201.gt4hist.xml.txt,,,,"dre","0064,0072,0065","","","none","1"
/home/cnd/tmp/dev/ocr_eval_paper/TextEval_1.5/rest/00680334.gt.xml.txt,/home/cnd/tmp/dev/ocr_eval_paper/TextEval_1.5/rest/00680334-00232201.gt4hist.xml.txt,,,," zu","0020,007a,0075","","","none","1"
/home/cnd/tmp/dev/ocr_eval_paper/TextEval_1.5/rest/00680334.gt.xml.txt,/home/cnd/tmp/dev/ocr_eval_paper/TextEval_1.5/rest/00680334-00232201.gt4hist.xml.txt,,,,"
w","000a,0077","","","none","1"
/home/cnd/tmp/dev/ocr_eval_paper/TextEval_1.5/rest/00680334.gt.xml.txt,/home/cnd/tmp/dev/ocr_eval_paper/TextEval_1.5/rest/00680334-00232201.gt4hist.xml.txt,,,,"e, und in deſ⸗","0065,002c,0020,0075,006e,0064,0020,0069,006e,0020,0064,0065,017f,2e17","","","none","1"
/home/cnd/tmp/dev/ocr_eval_paper/TextEval_1.5/rest/00680334.gt.xml.txt,/home/cnd/tmp/dev/ocr_eval_paper/TextEval_1.5/rest/00680334-00232201.gt4hist.xml.txt,,,,"ber die Ver","0062,0065,0072,0020,0064,0069,0065,0020,0056,0065,0072","","","none","1"
/home/cnd/tmp/dev/ocr_eval_paper/TextEval_1.5/rest/00680334.gt.xml.txt,/home/cnd/tmp/dev/ocr_eval_paper/TextEval_1.5/rest/00680334-00232201.gt4hist.xml.txt,,,,"
September Vo mittags ","000a,0053,0065,0070,0074,0065,006d,0062,0065,0072,0020,0056,006f,0020,006d,0069,0074,0074,0061,0067,0073,0020","","","none","1"
/home/cnd/tmp/dev/ocr_eval_paper/TextEval_1.5/rest/00680334.gt.xml.txt,/home/cnd/tmp/dev/ocr_eval_paper/TextEval_1.5/rest/00680334-00232201.gt4hist.xml.txt,,,,"ubiger. u","0075,0062,0069,0067,0065,0072,002e,0020,0075","","","none","1"
/home/cnd/tmp/dev/ocr_eval_paper/TextEval_1.5/rest/00680334.gt.xml.txt,/home/cnd/tmp/dev/ocr_eval_paper/TextEval_1.5/rest/00680334-00232201.gt4hist.xml.txt,,,,"güanin, Landri","0067,00fc,0061,006e,0069,006e,002c,0020,004c,0061,006e,0064,0072,0069","","","none","1"
/home/cnd/tmp/dev/ocr_eval_paper/TextEval_1.5/rest/00680334.gt.xml.txt,/home/cnd/tmp/dev/ocr_eval_paper/TextEval_1.5/rest/00680334-00232201.gt4hist.xml.txt,,,,"ben Eliſabeth,","0062,0065,006e,0020,0045,006c,0069,017f,0061,0062,0065,0074,0068,002c","","","none","1"
/home/cnd/tmp/dev/ocr_eval_paper/TextEval_1.5/rest/00680334.gt.xml.txt,/home/cnd/tmp/dev/ocr_eval_paper/TextEval_1.5/rest/00680334-00232201.gt4hist.xml.txt,,,,"ber 30 Jahre ab⸗","0062,0065,0072,0020,0033,0030,0020,004a,0061,0068,0072,0065,0020,0061,0062,2e17","","","none","1"
/home/cnd/tmp/dev/ocr_eval_paper/TextEval_1.5/rest/00680334.gt.xml.txt,/home/cnd/tmp/dev/ocr_eval_paper/TextEval_1.5/rest/00680334-00232201.gt4hist.xml.txt,,,,"
then. Es werden demna","000a,0074,0068,0065,006e,002e,0020,0045,0073,0020,0077,0065,0072,0064,0065,006e,0020,0064,0065,006d,006e,0061","","","none","1"
/home/cnd/tmp/dev/ocr_eval_paper/TextEval_1.5/rest/00680334.gt.xml.txt,/home/cnd/tmp/dev/ocr_eval_paper/TextEval_1.5/rest/00680334-00232201.gt4hist.xml.txt,,,," und eigen i","0020,0075,006e,0064,0020,0065,0069,0067,0065,006e,0020,0069","","","none","1"
/home/cnd/tmp/dev/ocr_eval_paper/TextEval_1.5/rest/00680334.gt.xml.txt,/home/cnd/tmp/dev/ocr_eval_paper/TextEval_1.5/rest/00680334-00232201.gt4hist.xml.txt,,,,"ieden ","0069,0065,0064,0065,006e,0020","","","none","1"
/home/cnd/tmp/dev/ocr_eval_paper/TextEval_1.5/rest/00680334.gt.xml.txt,/home/cnd/tmp/dev/ocr_eval_paper/TextEval_1.5/rest/00680334-00232201.gt4hist.xml.txt,,,,"
1. Wird mi","000a,0031,002e,0020,0057,0069,0072,0064,0020,006d,0069","","","none","1"
/home/cnd/tmp/dev/ocr_eval_paper/TextEval_1.5/rest/00680334.gt.xml.txt,/home/cnd/tmp/dev/ocr_eval_paper/TextEval_1.5/rest/00680334-00232201.gt4hist.xml.txt,,,,"
oder dur","000a,006f,0064,0065,0072,0020,0064,0075,0072","","","none","1"
/home/cnd/tmp/dev/ocr_eval_paper/TextEval_1.5/rest/00680334.gt.xml.txt,/home/cnd/tmp/dev/ocr_eval_paper/TextEval_1.5/rest/00680334-00232201.gt4hist.xml.txt,,,," dem Ausrufsprei","0020,0064,0065,006d,0020,0041,0075,0073,0072,0075,0066,0073,0070,0072,0065,0069","","","none","1"
/home/cnd/tmp/dev/ocr_eval_paper/TextEval_1.5/rest/00680334.gt.xml.txt,/home/cnd/tmp/dev/ocr_eval_paper/TextEval_1.5/rest/00680334-00232201.gt4hist.xml.txt,,,," zu bezah⸗","0020,007a,0075,0020,0062,0065,007a,0061,0068,2e17","","","none","1"
/home/cnd/tmp/dev/ocr_eval_paper/TextEval_1.5/rest/00680334.gt.xml.txt,/home/cnd/tmp/dev/ocr_eval_paper/TextEval_1.5/rest/00680334-00232201.gt4hist.xml.txt,,,," und Kaufaufri","0020,0075,006e,0064,0020,004b,0061,0075,0066,0061,0075,0066,0072,0069","","","none","1"
/home/cnd/tmp/dev/ocr_eval_paper/TextEval_1.5/rest/00680334.gt.xml.txt,/home/cnd/tmp/dev/ocr_eval_paper/TextEval_1.5/rest/00680334-00232201.gt4hist.xml.txt,,,,"s abzuführen, und","0073,0020,0061,0062,007a,0075,0066,00fc,0068,0072,0065,006e,002c,0020,0075,006e,0064","","","none","1"
/home/cnd/tmp/dev/ocr_eval_paper/TextEval_1.5/rest/00680334.gt.xml.txt,/home/cnd/tmp/dev/ocr_eval_paper/TextEval_1.5/rest/00680334-00232201.gt4hist.xml.txt,,,," das jus in re be","0020,0064,0061,0073,0020,006a,0075,0073,0020,0069,006e,0020,0072,0065,0020,0062,0065","","","none","1"
/home/cnd/tmp/dev/ocr_eval_paper/TextEval_1.5/rest/00680334.gt.xml.txt,/home/cnd/tmp/dev/ocr_eval_paper/TextEval_1.5/rest/00680334-00232201.gt4hist.xml.txt,,,,"tſame nothwendig","0074,017f,0061,006d,0065,0020,006e,006f,0074,0068,0077,0065,006e,0064,0069,0067","","","none","1"
/home/cnd/tmp/dev/ocr_eval_paper/TextEval_1.5/rest/00680334.gt.xml.txt,/home/cnd/tmp/dev/ocr_eval_paper/TextEval_1.5/rest/00680334-00232201.gt4hist.xml.txt,,,," ","0020","e","0065","misrecognised","2"
/home/cnd/tmp/dev/ocr_eval_paper/TextEval_1.5/rest/00680334.gt.xml.txt,/home/cnd/tmp/dev/ocr_eval_paper/TextEval_1.5/rest/00680334-00232201.gt4hist.xml.txt,,,," baa⸗","0020,0062,0061,0061,2e17","","","none","1"
/home/cnd/tmp/dev/ocr_eval_paper/TextEval_1.5/rest/00680334.gt.xml.txt,/home/cnd/tmp/dev/ocr_eval_paper/TextEval_1.5/rest/00680334-00232201.gt4hist.xml.txt,,,,"","f502","che","0063,0068,0065","misrecognised","1"
/home/cnd/tmp/dev/ocr_eval_paper/TextEval_1.5/rest/00680334.gt.xml.txt,/home/cnd/tmp/dev/ocr_eval_paper/TextEval_1.5/rest/00680334-00232201.gt4hist.xml.txt,,,,"ſ","017f","f","0066","misrecognised","10"
/home/cnd/tmp/dev/ocr_eval_paper/TextEval_1.5/rest/00680334.gt.xml.txt,/home/cnd/tmp/dev/ocr_eval_paper/TextEval_1.5/rest/00680334-00232201.gt4hist.xml.txt,,,,"nd.","006e,0064,002e","","","none","1"
/home/cnd/tmp/dev/ocr_eval_paper/TextEval_1.5/rest/00680334.gt.xml.txt,/home/cnd/tmp/dev/ocr_eval_paper/TextEval_1.5/rest/00680334-00232201.gt4hist.xml.txt,,,,"a","0061","u","0075","misrecognised","3"
/home/cnd/tmp/dev/ocr_eval_paper/TextEval_1.5/rest/00680334.gt.xml.txt,/home/cnd/tmp/dev/ocr_eval_paper/TextEval_1.5/rest/00680334-00232201.gt4hist.xml.txt,,,,"ndli","006e,0064,006c,0069","","","none","1"
/home/cnd/tmp/dev/ocr_eval_paper/TextEval_1.5/rest/00680334.gt.xml.txt,/home/cnd/tmp/dev/ocr_eval_paper/TextEval_1.5/rest/00680334-00232201.gt4hist.xml.txt,,,,"lbe, ","006c,0062,0065,002c,0020","","","none","1"
/home/cnd/tmp/dev/ocr_eval_paper/TextEval_1.5/rest/00680334.gt.xml.txt,/home/cnd/tmp/dev/ocr_eval_paper/TextEval_1.5/rest/00680334-00232201.gt4hist.xml.txt,,,,"em ſei","0065,006d,0020,017f,0065,0069","","","none","1"
/home/cnd/tmp/dev/ocr_eval_paper/TextEval_1.5/rest/00680334.gt.xml.txt,/home/cnd/tmp/dev/ocr_eval_paper/TextEval_1.5/rest/00680334-00232201.gt4hist.xml.txt,,,,"auptſ","0061,0075,0070,0074,017f","","","none","1"
/home/cnd/tmp/dev/ocr_eval_paper/TextEval_1.5/rest/00680334.gt.xml.txt,/home/cnd/tmp/dev/ocr_eval_paper/TextEval_1.5/rest/00680334-00232201.gt4hist.xml.txt,,,,"⸗ und Ma","2e17,0020,0075,006e,0064,0020,004d,0061","","","none","1"
/home/cnd/tmp/dev/ocr_eval_paper/TextEval_1.5/rest/00680334.gt.xml.txt,/home/cnd/tmp/dev/ocr_eval_paper/TextEval_1.5/rest/00680334-00232201.gt4hist.xml.txt,,,,"","000c","  ","0020,0020","misrecognised","1"
/home/cnd/tmp/dev/ocr_eval_paper/TextEval_1.5/rest/00680334.gt.xml.txt,/home/cnd/tmp/dev/ocr_eval_paper/TextEval_1.5/rest/00680334-00232201.gt4hist.xml.txt,,,,"er Er","0065,0072,0020,0045,0072","","","none","1"
/home/cnd/tmp/dev/ocr_eval_paper/TextEval_1.5/rest/00680334.gt.xml.txt,/home/cnd/tmp/dev/ocr_eval_paper/TextEval_1.5/rest/00680334-00232201.gt4hist.xml.txt,,,," Auge","0020,0041,0075,0067,0065","","","none","1"
/home/cnd/tmp/dev/ocr_eval_paper/TextEval_1.5/rest/00680334.gt.xml.txt,/home/cnd/tmp/dev/ocr_eval_paper/TextEval_1.5/rest/00680334-00232201.gt4hist.xml.txt,,,,"
namli","000a,006e,0061,006d,006c,0069","","","none","1"
/home/cnd/tmp/dev/ocr_eval_paper/TextEval_1.5/rest/00680334.gt.xml.txt,/home/cnd/tmp/dev/ocr_eval_paper/TextEval_1.5/rest/00680334-00232201.gt4hist.xml.txt,,,,"e⸗","0065,2e17","","","none","1"
/home/cnd/tmp/dev/ocr_eval_paper/TextEval_1.5/rest/00680334.gt.xml.txt,/home/cnd/tmp/dev/ocr_eval_paper/TextEval_1.5/rest/00680334-00232201.gt4hist.xml.txt,,,,"s","eba6,0073,f502","uſſch","0075,017f,017f,0063,0068","misrecognised","1"
/home/cnd/tmp/dev/ocr_eval_paper/TextEval_1.5/rest/00680334.gt.xml.txt,/home/cnd/tmp/dev/ocr_eval_paper/TextEval_1.5/rest/00680334-00232201.gt4hist.xml.txt,,,,"","eba2,f502","ſich","017f,0069,0063,0068","misrecognised","5"
/home/cnd/tmp/dev/ocr_eval_paper/TextEval_1.5/rest/00680334.gt.xml.txt,/home/cnd/tmp/dev/ocr_eval_paper/TextEval_1.5/rest/00680334-00232201.gt4hist.xml.txt,,,,"bie","0062,0069,0065","","","none","1"
/home/cnd/tmp/dev/ocr_eval_paper/TextEval_1.5/rest/00680334.gt.xml.txt,/home/cnd/tmp/dev/ocr_eval_paper/TextEval_1.5/rest/00680334-00232201.gt4hist.xml.txt,,,,"de","0064,0065","","","miss","1"
/home/cnd/tmp/dev/ocr_eval_paper/TextEval_1.5/rest/00680334.gt.xml.txt,/home/cnd/tmp/dev/ocr_eval_paper/TextEval_1.5/rest/00680334-00232201.gt4hist.xml.txt,,,,",","002c",";","003b","misrecognised","1"
/home/cnd/tmp/dev/ocr_eval_paper/TextEval_1.5/rest/00680334.gt.xml.txt,/home/cnd/tmp/dev/ocr_eval_paper/TextEval_1.5/rest/00680334-00232201.gt4hist.xml.txt,,,,"j","006a","i","0069","misrecognised","1"
/home/cnd/tmp/dev/ocr_eval_paper/TextEval_1.5/rest/00680334.gt.xml.txt,/home/cnd/tmp/dev/ocr_eval_paper/TextEval_1.5/rest/00680334-00232201.gt4hist.xml.txt,,,," mit","0020,006d,0069,0074","","","none","1"
/home/cnd/tmp/dev/ocr_eval_paper/TextEval_1.5/rest/00680334.gt.xml.txt,/home/cnd/tmp/dev/ocr_eval_paper/TextEval_1.5/rest/00680334-00232201.gt4hist.xml.txt,,,,"
ze","000a,007a,0065","","","none","1"
/home/cnd/tmp/dev/ocr_eval_paper/TextEval_1.5/rest/00680334.gt.xml.txt,/home/cnd/tmp/dev/ocr_eval_paper/TextEval_1.5/rest/00680334-00232201.gt4hist.xml.txt,,,,"","",".","002e","false detection","17"
/home/cnd/tmp/dev/ocr_eval_paper/TextEval_1.5/rest/00680334.gt.xml.txt,/home/cnd/tmp/dev/ocr_eval_paper/TextEval_1.5/rest/00680334-00232201.gt4hist.xml.txt,,,,"eher alle ","0065,0068,0065,0072,0020,0061,006c,006c,0065,0020","","","none","1"
/home/cnd/tmp/dev/ocr_eval_paper/TextEval_1.5/rest/00680334.gt.xml.txt,/home/cnd/tmp/dev/ocr_eval_paper/TextEval_1.5/rest/00680334-00232201.gt4hist.xml.txt,,,,"uhende","0075,0068,0065,006e,0064,0065","","","none","1"
/home/cnd/tmp/dev/ocr_eval_paper/TextEval_1.5/rest/00680334.gt.xml.txt,/home/cnd/tmp/dev/ocr_eval_paper/TextEval_1.5/rest/00680334-00232201.gt4hist.xml.txt,,,,"e immer ſeyn m","0065,0020,0069,006d,006d,0065,0072,0020,017f,0065,0079,006e,0020,006d","","","none","1"
/home/cnd/tmp/dev/ocr_eval_paper/TextEval_1.5/rest/00680334.gt.xml.txt,/home/cnd/tmp/dev/ocr_eval_paper/TextEval_1.5/rest/00680334-00232201.gt4hist.xml.txt,,,,"eigetriebe","0065,0069,0067,0065,0074,0072,0069,0065,0062,0065","","","none","1"
/home/cnd/tmp/dev/ocr_eval_paper/TextEval_1.5/rest/00680334.gt.xml.txt,/home/cnd/tmp/dev/ocr_eval_paper/TextEval_1.5/rest/00680334-00232201.gt4hist.xml.txt,,,,"ne","006e,0065","","","none","1"
/home/cnd/tmp/dev/ocr_eval_paper/TextEval_1.5/rest/00680334.gt.xml.txt,/home/cnd/tmp/dev/ocr_eval_paper/TextEval_1.5/rest/00680334-00232201.gt4hist.xml.txt,,,,"e A","0065,0020,0041","","","none","1"
/home/cnd/tmp/dev/ocr_eval_paper/TextEval_1.5/rest/00680334.gt.xml.txt,/home/cnd/tmp/dev/ocr_eval_paper/TextEval_1.5/rest/00680334-00232201.gt4hist.xml.txt,,,," gema","0020,0067,0065,006d,0061","","","none","1"
/home/cnd/tmp/dev/ocr_eval_paper/TextEval_1.5/rest/00680334.gt.xml.txt,/home/cnd/tmp/dev/ocr_eval_paper/TextEval_1.5/rest/00680334-00232201.gt4hist.xml.txt,,,,"irungs","0069,0072,0075,006e,0067,0073","","","none","1"
/home/cnd/tmp/dev/ocr_eval_paper/TextEval_1.5/rest/00680334.gt.xml.txt,/home/cnd/tmp/dev/ocr_eval_paper/TextEval_1.5/rest/00680334-00232201.gt4hist.xml.txt,,,,"reiten.","0072,0065,0069,0074,0065,006e,002e","","","none","1"
/home/cnd/tmp/dev/ocr_eval_paper/TextEval_1.5/rest/00680334.gt.xml.txt,/home/cnd/tmp/dev/ocr_eval_paper/TextEval_1.5/rest/00680334-00232201.gt4hist.xml.txt,,,,"e","0065","r","0072","misrecognised","2"
/home/cnd/tmp/dev/ocr_eval_paper/TextEval_1.5/rest/00680334.gt.xml.txt,/home/cnd/tmp/dev/ocr_eval_paper/TextEval_1.5/rest/00680334-00232201.gt4hist.xml.txt,,,,"iv","0069,0076","w","0077","misrecognised","1"
/home/cnd/tmp/dev/ocr_eval_paper/TextEval_1.5/rest/00680334.gt.xml.txt,/home/cnd/tmp/dev/ocr_eval_paper/TextEval_1.5/rest/00680334-00232201.gt4hist.xml.txt,,,,"1","0031","3","0033","misrecognised","1"
/home/cnd/tmp/dev/ocr_eval_paper/TextEval_1.5/rest/00680334.gt.xml.txt,/home/cnd/tmp/dev/ocr_eval_paper/TextEval_1.5/rest/00680334-00232201.gt4hist.xml.txt,,,," Beiſa","0020,0042,0065,0069,017f,0061","","","none","1"
/home/cnd/tmp/dev/ocr_eval_paper/TextEval_1.5/rest/00680334.gt.xml.txt,/home/cnd/tmp/dev/ocr_eval_paper/TextEval_1.5/rest/00680334-00232201.gt4hist.xml.txt,,,,",","eada,002c","ni⸗ ","006e,0069,2e17,0020","misrecognised","1"
/home/cnd/tmp/dev/ocr_eval_paper/TextEval_1.5/rest/00680334.gt.xml.txt,/home/cnd/tmp/dev/ocr_eval_paper/TextEval_1.5/rest/00680334-00232201.gt4hist.xml.txt,,,,"
der erſ","000a,0064,0065,0072,0020,0065,0072,017f","","","none","1"
/home/cnd/tmp/dev/ocr_eval_paper/TextEval_1.5/rest/00680334.gt.xml.txt,/home/cnd/tmp/dev/ocr_eval_paper/TextEval_1.5/rest/00680334-00232201.gt4hist.xml.txt,,,,"ung od","0075,006e,0067,0020,006f,0064","","","none","1"
/home/cnd/tmp/dev/ocr_eval_paper/TextEval_1.5/rest/00680334.gt.xml.txt,/home/cnd/tmp/dev/ocr_eval_paper/TextEval_1.5/rest/00680334-00232201.gt4hist.xml.txt,,,,"ann geb","0061,006e,006e,0020,0067,0065,0062","","","none","1"
/home/cnd/tmp/dev/ocr_eval_paper/TextEval_1.5/rest/00680334.gt.xml.txt,/home/cnd/tmp/dev/ocr_eval_paper/TextEval_1.5/rest/00680334-00232201.gt4hist.xml.txt,,,,"könn","006b,00f6,006e,006e","totii","0074,006f,0074,0069,0069","misrecognised","1"
/home/cnd/tmp/dev/ocr_eval_paper/TextEval_1.5/rest/00680334.gt.xml.txt,/home/cnd/tmp/dev/ocr_eval_paper/TextEval_1.5/rest/00680334-00232201.gt4hist.xml.txt,,,,",","002c","i ","0069,0020","misrecognised","1"
/home/cnd/tmp/dev/ocr_eval_paper/TextEval_1.5/rest/00680334.gt.xml.txt,/home/cnd/tmp/dev/ocr_eval_paper/TextEval_1.5/rest/00680334-00232201.gt4hist.xml.txt,,,," Exe","0020,0045,0078,0065","","","none","1"
/home/cnd/tmp/dev/ocr_eval_paper/TextEval_1.5/rest/00680334.gt.xml.txt,/home/cnd/tmp/dev/ocr_eval_paper/TextEval_1.5/rest/00680334-00232201.gt4hist.xml.txt,,,,"u","0075,f502","ich","0069,0063,0068","misrecognised","1"
/home/cnd/tmp/dev/ocr_eval_paper/TextEval_1.5/rest/00680334.gt.xml.txt,/home/cnd/tmp/dev/ocr_eval_paper/TextEval_1.5/rest/00680334-00232201.gt4hist.xml.txt,,,,"ubiger, in de","0075,0062,0069,0067,0065,0072,002c,0020,0069,006e,0020,0064,0065","","","none","1"
/home/cnd/tmp/dev/ocr_eval_paper/TextEval_1.5/rest/00680334.gt.xml.txt,/home/cnd/tmp/dev/ocr_eval_paper/TextEval_1.5/rest/00680334-00232201.gt4hist.xml.txt,,,," werden w","0020,0077,0065,0072,0064,0065,006e,0020,0077","","","none","1"
/home/cnd/tmp/dev/ocr_eval_paper/TextEval_1.5/rest/00680334.gt.xml.txt,/home/cnd/tmp/dev/ocr_eval_paper/TextEval_1.5/rest/00680334-00232201.gt4hist.xml.txt,,,,"ger Geri","0067,0065,0072,0020,0047,0065,0072,0069","","","none","1"
/home/cnd/tmp/dev/ocr_eval_paper/TextEval_1.5/rest/00680334.gt.xml.txt,/home/cnd/tmp/dev/ocr_eval_paper/TextEval_1.5/rest/00680334-00232201.gt4hist.xml.txt,,,,"
oben ","000a,006f,0062,0065,006e,0020","","","none","1"
/home/cnd/tmp/dev/ocr_eval_paper/TextEval_1.5/rest/00680334.gt.xml.txt,/home/cnd/tmp/dev/ocr_eval_paper/TextEval_1.5/rest/00680334-00232201.gt4hist.xml.txt,,,,"äl","00e4,006c","ai","0061,0069","misrecognised","1"
/home/cnd/tmp/dev/ocr_eval_paper/TextEval_1.5/rest/00680334.gt.xml.txt,/home/cnd/tmp/dev/ocr_eval_paper/TextEval_1.5/rest/00680334-00232201.gt4hist.xml.txt,,,,"ri","0072,0069","","","none","1"
/home/cnd/tmp/dev/ocr_eval_paper/TextEval_1.5/rest/00680334.gt.xml.txt,/home/cnd/tmp/dev/ocr_eval_paper/TextEval_1.5/rest/00680334-00232201.gt4hist.xml.txt,,,," Edi","0020,0045,0064,0069","","","none","1"
/home/cnd/tmp/dev/ocr_eval_paper/TextEval_1.5/rest/00680334.gt.xml.txt,/home/cnd/tmp/dev/ocr_eval_paper/TextEval_1.5/rest/00680334-00232201.gt4hist.xml.txt,,,,"iegt","0069,0065,0067,0074","","","none","1"
/home/cnd/tmp/dev/ocr_eval_paper/TextEval_1.5/rest/00680334.gt.xml.txt,/home/cnd/tmp/dev/ocr_eval_paper/TextEval_1.5/rest/00680334-00232201.gt4hist.xml.txt,,,,"t:","0074,003a","","","none","1"
/home/cnd/tmp/dev/ocr_eval_paper/TextEval_1.5/rest/00680334.gt.xml.txt,/home/cnd/tmp/dev/ocr_eval_paper/TextEval_1.5/rest/00680334-00232201.gt4hist.xml.txt,,,,"m Geri","006d,0020,0047,0065,0072,0069","","","none","1"
/home/cnd/tmp/dev/ocr_eval_paper/TextEval_1.5/rest/00680334.gt.xml.txt,/home/cnd/tmp/dev/ocr_eval_paper/TextEval_1.5/rest/00680334-00232201.gt4hist.xml.txt,,,,"eg","0065,0067","","","none","1"
/home/cnd/tmp/dev/ocr_eval_paper/TextEval_1.5/rest/00680334.gt.xml.txt,/home/cnd/tmp/dev/ocr_eval_paper/TextEval_1.5/rest/00680334-00232201.gt4hist.xml.txt,,,,"ö","00f6","oͤ","006f,0364","misrecognised","6"
/home/cnd/tmp/dev/ocr_eval_paper/TextEval_1.5/rest/00680334.gt.xml.txt,/home/cnd/tmp/dev/ocr_eval_paper/TextEval_1.5/rest/00680334-00232201.gt4hist.xml.txt,,,,"g","eba2,0067","nh","006e,0068","misrecognised","1"
/home/cnd/tmp/dev/ocr_eval_paper/TextEval_1.5/rest/00680334.gt.xml.txt,/home/cnd/tmp/dev/ocr_eval_paper/TextEval_1.5/rest/00680334-00232201.gt4hist.xml.txt,,,,"däten,","0064,00e4,f502,0074,0065,006e,002c","","","miss","1"
/home/cnd/tmp/dev/ocr_eval_paper/TextEval_1.5/rest/00680334.gt.xml.txt,/home/cnd/tmp/dev/ocr_eval_paper/TextEval_1.5/rest/00680334-00232201.gt4hist.xml.txt,,,," bere","0020,0062,0065,0072,0065","","","none","1"
/home/cnd/tmp/dev/ocr_eval_paper/TextEval_1.5/rest/00680334.gt.xml.txt,/home/cnd/tmp/dev/ocr_eval_paper/TextEval_1.5/rest/00680334-00232201.gt4hist.xml.txt,,,,"er f","0065,0072,0020,0066","","","none","1"
/home/cnd/tmp/dev/ocr_eval_paper/TextEval_1.5/rest/00680334.gt.xml.txt,/home/cnd/tmp/dev/ocr_eval_paper/TextEval_1.5/rest/00680334-00232201.gt4hist.xml.txt,,,,"I","0049","J","004a","misrecognised","1"
/home/cnd/tmp/dev/ocr_eval_paper/TextEval_1.5/rest/00680334.gt.xml.txt,/home/cnd/tmp/dev/ocr_eval_paper/TextEval_1.5/rest/00680334-00232201.gt4hist.xml.txt,,,,"
wi","000a,0077,0069","","","none","1"
/home/cnd/tmp/dev/ocr_eval_paper/TextEval_1.5/rest/00680334.gt.xml.txt,/home/cnd/tmp/dev/ocr_eval_paper/TextEval_1.5/rest/00680334-00232201.gt4hist.xml.txt,,,,"en,","0065,006e,002c","","","none","1"
/home/cnd/tmp/dev/ocr_eval_paper/TextEval_1.5/rest/00680334.gt.xml.txt,/home/cnd/tmp/dev/ocr_eval_paper/TextEval_1.5/rest/00680334-00232201.gt4hist.xml.txt,,,,"t nur","0074,0020,006e,0075,0072","","","none","1"
/home/cnd/tmp/dev/ocr_eval_paper/TextEval_1.5/rest/00680334.gt.xml.txt,/home/cnd/tmp/dev/ocr_eval_paper/TextEval_1.5/rest/00680334-00232201.gt4hist.xml.txt,,,,"tigkei","0074,0069,0067,006b,0065,0069","","","none","1"
/home/cnd/tmp/dev/ocr_eval_paper/TextEval_1.5/rest/00680334.gt.xml.txt,/home/cnd/tmp/dev/ocr_eval_paper/TextEval_1.5/rest/00680334-00232201.gt4hist.xml.txt,,,," ſon⸗","0020,017f,006f,006e,2e17","","","none","1"
/home/cnd/tmp/dev/ocr_eval_paper/TextEval_1.5/rest/00680334.gt.xml.txt,/home/cnd/tmp/dev/ocr_eval_paper/TextEval_1.5/rest/00680334-00232201.gt4hist.xml.txt,,,,"en er in","0065,006e,0020,0065,0072,0020,0069,006e","","","none","1"
/home/cnd/tmp/dev/ocr_eval_paper/TextEval_1.5/rest/00680334.gt.xml.txt,/home/cnd/tmp/dev/ocr_eval_paper/TextEval_1.5/rest/00680334-00232201.gt4hist.xml.txt,,,,"m","006d","n","006e","misrecognised","2"
/home/cnd/tmp/dev/ocr_eval_paper/TextEval_1.5/rest/00680334.gt.xml.txt,/home/cnd/tmp/dev/ocr_eval_paper/TextEval_1.5/rest/00680334-00232201.gt4hist.xml.txt,,,,"r","0072","e","0065","misrecognised","2"
/home/cnd/tmp/dev/ocr_eval_paper/TextEval_1.5/rest/00680334.gt.xml.txt,/home/cnd/tmp/dev/ocr_eval_paper/TextEval_1.5/rest/00680334-00232201.gt4hist.xml.txt,,,,"d ","0064,0020","oͤ","006f,0364","misrecognised","1"
/home/cnd/tmp/dev/ocr_eval_paper/TextEval_1.5/rest/00680334.gt.xml.txt,/home/cnd/tmp/dev/ocr_eval_paper/TextEval_1.5/rest/00680334-00232201.gt4hist.xml.txt,,,,"","","e","0065","false detection","2"
/home/cnd/tmp/dev/ocr_eval_paper/TextEval_1.5/rest/00680334.gt.xml.txt,/home/cnd/tmp/dev/ocr_eval_paper/TextEval_1.5/rest/00680334-00232201.gt4hist.xml.txt,,,,"n","006e","m","006d","misrecognised","2"
/home/cnd/tmp/dev/ocr_eval_paper/TextEval_1.5/rest/00680334.gt.xml.txt,/home/cnd/tmp/dev/ocr_eval_paper/TextEval_1.5/rest/00680334-00232201.gt4hist.xml.txt,,,,"ﬁ","fb01","fi","0066,0069","misrecognised","2"
/home/cnd/tmp/dev/ocr_eval_paper/TextEval_1.5/rest/00680334.gt.xml.txt,/home/cnd/tmp/dev/ocr_eval_paper/TextEval_1.5/rest/00680334-00232201.gt4hist.xml.txt,,,,"li","006c,0069,f502","üch","00fc,0063,0068","misrecognised","1"
/home/cnd/tmp/dev/ocr_eval_paper/TextEval_1.5/rest/00680334.gt.xml.txt,/home/cnd/tmp/dev/ocr_eval_paper/TextEval_1.5/rest/00680334-00232201.gt4hist.xml.txt,,,,"V","0056","B","0042","misrecognised","2"
/home/cnd/tmp/dev/ocr_eval_paper/TextEval_1.5/rest/00680334.gt.xml.txt,/home/cnd/tmp/dev/ocr_eval_paper/TextEval_1.5/rest/00680334-00232201.gt4hist.xml.txt,,,,"ö","00f6","o","006f","misrecognised","2"
/home/cnd/tmp/dev/ocr_eval_paper/TextEval_1.5/rest/00680334.gt.xml.txt,/home/cnd/tmp/dev/ocr_eval_paper/TextEval_1.5/rest/00680334-00232201.gt4hist.xml.txt,,,,"a","0061","ci","0063,0069","misrecognised","1"
/home/cnd/tmp/dev/ocr_eval_paper/TextEval_1.5/rest/00680334.gt.xml.txt,/home/cnd/tmp/dev/ocr_eval_paper/TextEval_1.5/rest/00680334-00232201.gt4hist.xml.txt,,,,"","",",","002c","false detection","3"
/home/cnd/tmp/dev/ocr_eval_paper/TextEval_1.5/rest/00680334.gt.xml.txt,/home/cnd/tmp/dev/ocr_eval_paper/TextEval_1.5/rest/00680334-00232201.gt4hist.xml.txt,,,,"ationsre","0061,0074,0069,006f,006e,0073,0072,0065","","","none","1"
/home/cnd/tmp/dev/ocr_eval_paper/TextEval_1.5/rest/00680334.gt.xml.txt,/home/cnd/tmp/dev/ocr_eval_paper/TextEval_1.5/rest/00680334-00232201.gt4hist.xml.txt,,,,"e ","0065,0020","","","none","3"
/home/cnd/tmp/dev/ocr_eval_paper/TextEval_1.5/rest/00680334.gt.xml.txt,/home/cnd/tmp/dev/ocr_eval_paper/TextEval_1.5/rest/00680334-00232201.gt4hist.xml.txt,,,,"
genth","000a,0067,0065,006e,0074,0068","","","none","1"
/home/cnd/tmp/dev/ocr_eval_paper/TextEval_1.5/rest/00680334.gt.xml.txt,/home/cnd/tmp/dev/ocr_eval_paper/TextEval_1.5/rest/00680334-00232201.gt4hist.xml.txt,,,,"M","004d","W","0057","misrecognised","1"
/home/cnd/tmp/dev/ocr_eval_paper/TextEval_1.5/rest/00680334.gt.xml.txt,/home/cnd/tmp/dev/ocr_eval_paper/TextEval_1.5/rest/00680334-00232201.gt4hist.xml.txt,,,,"e","eba6,0065","ſf⸗","017f,0066,2e17","misrecognised","1"
/home/cnd/tmp/dev/ocr_eval_paper/TextEval_1.5/rest/00680334.gt.xml.txt,/home/cnd/tmp/dev/ocr_eval_paper/TextEval_1.5/rest/00680334-00232201.gt4hist.xml.txt,,,,"tten, ","0074,0074,0065,006e,002c,0020","","","none","1"
/home/cnd/tmp/dev/ocr_eval_paper/TextEval_1.5/rest/00680334.gt.xml.txt,/home/cnd/tmp/dev/ocr_eval_paper/TextEval_1.5/rest/00680334-00232201.gt4hist.xml.txt,,,," Gl","0020,0047,006c","","","none","1"
/home/cnd/tmp/dev/ocr_eval_paper/TextEval_1.5/rest/00680334.gt.xml.txt,/home/cnd/tmp/dev/ocr_eval_paper/TextEval_1.5/rest/00680334-00232201.gt4hist.xml.txt,,,," viel⸗","0020,0076,0069,0065,006c,2e17","","","none","1"
/home/cnd/tmp/dev/ocr_eval_paper/TextEval_1.5/rest/00680334.gt.xml.txt,/home/cnd/tmp/dev/ocr_eval_paper/TextEval_1.5/rest/00680334-00232201.gt4hist.xml.txt,,,,"e ſ","0065,0020,017f","","","none","1"
/home/cnd/tmp/dev/ocr_eval_paper/TextEval_1.5/rest/00680334.gt.xml.txt,/home/cnd/tmp/dev/ocr_eval_paper/TextEval_1.5/rest/00680334-00232201.gt4hist.xml.txt,,,,"
die S","000a,0064,0069,0065,0020,0053","","","none","1"
/home/cnd/tmp/dev/ocr_eval_paper/TextEval_1.5/rest/00680334.gt.xml.txt,/home/cnd/tmp/dev/ocr_eval_paper/TextEval_1.5/rest/00680334-00232201.gt4hist.xml.txt,,,,"E","0045","","","none","1"
/home/cnd/tmp/dev/ocr_eval_paper/TextEval_1.5/rest/00680334.gt.xml.txt,/home/cnd/tmp/dev/ocr_eval_paper/TextEval_1.5/rest/00680334-00232201.gt4hist.xml.txt,,,,"hum","0068,0075,006d","","","none","1"
/home/cnd/tmp/dev/ocr_eval_paper/TextEval_1.5/rest/00680334.gt.xml.txt,/home/cnd/tmp/dev/ocr_eval_paper/TextEval_1.5/rest/00680334-00232201.gt4hist.xml.txt,,,,"u","0075","n","006e","misrecognised","5"
/home/cnd/tmp/dev/ocr_eval_paper/TextEval_1.5/rest/00680334.gt.xml.txt,/home/cnd/tmp/dev/ocr_eval_paper/TextEval_1.5/rest/00680334-00232201.gt4hist.xml.txt,,,,"at","0061,0074","","","none","2"
/home/cnd/tmp/dev/ocr_eval_paper/TextEval_1.5/rest/00680334.gt.xml.txt,/home/cnd/tmp/dev/ocr_eval_paper/TextEval_1.5/rest/00680334-00232201.gt4hist.xml.txt,,,,"re","0072,0065","","","none","1"
/home/cnd/tmp/dev/ocr_eval_paper/TextEval_1.5/rest/00680334.gt.xml.txt,/home/cnd/tmp/dev/ocr_eval_paper/TextEval_1.5/rest/00680334-00232201.gt4hist.xml.txt,,,," wird zum Ver","0020,0077,0069,0072,0064,0020,007a,0075,006d,0020,0056,0065,0072","","","none","1"
/home/cnd/tmp/dev/ocr_eval_paper/TextEval_1.5/rest/00680334.gt.xml.txt,/home/cnd/tmp/dev/ocr_eval_paper/TextEval_1.5/rest/00680334-00232201.gt4hist.xml.txt,,,,"tigung des ein","0074,0069,0067,0075,006e,0067,0020,0064,0065,0073,0020,0065,0069,006e","","","none","1"
/home/cnd/tmp/dev/ocr_eval_paper/TextEval_1.5/rest/00680334.gt.xml.txt,/home/cnd/tmp/dev/ocr_eval_paper/TextEval_1.5/rest/00680334-00232201.gt4hist.xml.txt,,,,"t dieſe Kon","0074,0020,0064,0069,0065,017f,0065,0020,004b,006f,006e","","","none","1"
/home/cnd/tmp/dev/ocr_eval_paper/TextEval_1.5/rest/00680334.gt.xml.txt,/home/cnd/tmp/dev/ocr_eval_paper/TextEval_1.5/rest/00680334-00232201.gt4hist.xml.txt,,,,"gen Mo","0067,0065,006e,0020,004d,006f","","","none","1"
/home/cnd/tmp/dev/ocr_eval_paper/TextEval_1.5/rest/00680334.gt.xml.txt,/home/cnd/tmp/dev/ocr_eval_paper/TextEval_1.5/rest/00680334-00232201.gt4hist.xml.txt,,,,"ung in da","0075,006e,0067,0020,0069,006e,0020,0064,0061","","","none","1"
/home/cnd/tmp/dev/ocr_eval_paper/TextEval_1.5/rest/00680334.gt.xml.txt,/home/cnd/tmp/dev/ocr_eval_paper/TextEval_1.5/rest/00680334-00232201.gt4hist.xml.txt,,,,"e Gl","0065,0020,0047,006c","","","none","1"
/home/cnd/tmp/dev/ocr_eval_paper/TextEval_1.5/rest/00680334.gt.xml.txt,/home/cnd/tmp/dev/ocr_eval_paper/TextEval_1.5/rest/00680334-00232201.gt4hist.xml.txt,,,,"er zu erſ","0065,0072,0020,007a,0075,0020,0065,0072,017f","","","none","1"
/home/cnd/tmp/dev/ocr_eval_paper/TextEval_1.5/rest/00680334.gt.xml.txt,/home/cnd/tmp/dev/ocr_eval_paper/TextEval_1.5/rest/00680334-00232201.gt4hist.xml.txt,,,,"hlet werden w","0068,006c,0065,0074,0020,0077,0065,0072,0064,0065,006e,0020,0077","","","none","1"
/home/cnd/tmp/dev/ocr_eval_paper/TextEval_1.5/rest/00680334.gt.xml.txt,/home/cnd/tmp/dev/ocr_eval_paper/TextEval_1.5/rest/00680334-00232201.gt4hist.xml.txt,,,," Einberuf","0020,0045,0069,006e,0062,0065,0072,0075,0066","","","none","1"
/home/cnd/tmp/dev/ocr_eval_paper/TextEval_1.5/rest/00680334.gt.xml.txt,/home/cnd/tmp/dev/ocr_eval_paper/TextEval_1.5/rest/00680334-00232201.gt4hist.xml.txt,,,,"ird anmit be","0069,0072,0064,0020,0061,006e,006d,0069,0074,0020,0062,0065","","","none","1"
/home/cnd/tmp/dev/ocr_eval_paper/TextEval_1.5/rest/00680334.gt.xml.txt,/home/cnd/tmp/dev/ocr_eval_paper/TextEval_1.5/rest/00680334-00232201.gt4hist.xml.txt,,,,"hburg Mayr in ","0068,0062,0075,0072,0067,0020,004d,0061,0079,0072,0020,0069,006e,0020","","","none","1"
/home/cnd/tmp/dev/ocr_eval_paper/TextEval_1.5/rest/00680334.gt.xml.txt,/home/cnd/tmp/dev/ocr_eval_paper/TextEval_1.5/rest/00680334-00232201.gt4hist.xml.txt,,,,"rung ","0072,0075,006e,0067,0020","","","none","1"
/home/cnd/tmp/dev/ocr_eval_paper/TextEval_1.5/rest/00680334.gt.xml.txt,/home/cnd/tmp/dev/ocr_eval_paper/TextEval_1.5/rest/00680334-00232201.gt4hist.xml.txt,,,,"n Brüder A","006e,0020,0042,0072,00fc,0064,0065,0072,0020,0041","","","none","1"
/home/cnd/tmp/dev/ocr_eval_paper/TextEval_1.5/rest/00680334.gt.xml.txt,/home/cnd/tmp/dev/ocr_eval_paper/TextEval_1.5/rest/00680334-00232201.gt4hist.xml.txt,,,,", gebe⸗","002c,0020,0067,0065,0062,0065,2e17","","","none","1"
/home/cnd/tmp/dev/ocr_eval_paper/TextEval_1.5/rest/00680334.gt.xml.txt,/home/cnd/tmp/dev/ocr_eval_paper/TextEval_1.5/rest/00680334-00232201.gt4hist.xml.txt,,,,"te Hall wird hiemit be","0074,0065,0020,0048,0061,006c,006c,0020,0077,0069,0072,0064,0020,0068,0069,0065,006d,0069,0074,0020,0062,0065","","","none","1"
/home/cnd/tmp/dev/ocr_eval_paper/TextEval_1.5/rest/00680334.gt.xml.txt,/home/cnd/tmp/dev/ocr_eval_paper/TextEval_1.5/rest/00680334-00232201.gt4hist.xml.txt,,,,"s frey,","0073,0020,0066,0072,0065,0079,002c","","","none","1"
/home/cnd/tmp/dev/ocr_eval_paper/TextEval_1.5/rest/00680334.gt.xml.txt,/home/cnd/tmp/dev/ocr_eval_paper/TextEval_1.5/rest/00680334-00232201.gt4hist.xml.txt,,,,"n man ","006e,0020,006d,0061,006e,0020","","","none","1"
/home/cnd/tmp/dev/ocr_eval_paper/TextEval_1.5/rest/00680334.gt.xml.txt,/home/cnd/tmp/dev/ocr_eval_paper/TextEval_1.5/rest/00680334-00232201.gt4hist.xml.txt,,,,"erſ","0065,0072,017f","","","none","1"
/home/cnd/tmp/dev/ocr_eval_paper/TextEval_1.5/rest/00680334.gt.xml.txt,/home/cnd/tmp/dev/ocr_eval_paper/TextEval_1.5/rest/00680334-00232201.gt4hist.xml.txt,,,,"auf Ga","0061,0075,0066,0020,0047,0061","","","none","1"
/home/cnd/tmp/dev/ocr_eval_paper/TextEval_1.5/rest/00680334.gt.xml.txt,/home/cnd/tmp/dev/ocr_eval_paper/TextEval_1.5/rest/00680334-00232201.gt4hist.xml.txt,,,,"kammer 2 ","006b,0061,006d,006d,0065,0072,0020,0032,0020","","","none","1"
/home/cnd/tmp/dev/ocr_eval_paper/TextEval_1.5/rest/00680334.gt.xml.txt,/home/cnd/tmp/dev/ocr_eval_paper/TextEval_1.5/rest/00680334-00232201.gt4hist.xml.txt,,,," jedermann ","0020,006a,0065,0064,0065,0072,006d,0061,006e,006e,0020","","","none","1"
/home/cnd/tmp/dev/ocr_eval_paper/TextEval_1.5/rest/00680334.gt.xml.txt,/home/cnd/tmp/dev/ocr_eval_paper/TextEval_1.5/rest/00680334-00232201.gt4hist.xml.txt,,,,"gen,","0067,0065,006e,002c","","","none","1"
/home/cnd/tmp/dev/ocr_eval_paper/TextEval_1.5/rest/00680334.gt.xml.txt,/home/cnd/tmp/dev/ocr_eval_paper/TextEval_1.5/rest/00680334-00232201.gt4hist.xml.txt,,,,"r die H","0072,0020,0064,0069,0065,0020,0048","","","none","1"
/home/cnd/tmp/dev/ocr_eval_paper/TextEval_1.5/rest/00680334.gt.xml.txt,/home/cnd/tmp/dev/ocr_eval_paper/TextEval_1.5/rest/00680334-00232201.gt4hist.xml.txt,,,,"
2. Wird unter","000a,0032,002e,0020,0057,0069,0072,0064,0020,0075,006e,0074,0065,0072",": 
2. Wird unter.","003a,0020,000a,0032,002e,0020,0057,0069,0072,0064,0020,0075,006e,0074,0065,0072,002e","none","1"
/home/cnd/tmp/dev/ocr_eval_paper/TextEval_1.5/rest/00680334.gt.xml.txt,/home/cnd/tmp/dev/ocr_eval_paper/TextEval_1.5/rest/00680334-00232201.gt4hist.xml.txt,,,,"
3. Wird der Ka","000a,0033,002e,0020,0057,0069,0072,0064,0020,0064,0065,0072,0020,004b,0061","","","none","1"
/home/cnd/tmp/dev/ocr_eval_paper/TextEval_1.5/rest/00680334.gt.xml.txt,/home/cnd/tmp/dev/ocr_eval_paper/TextEval_1.5/rest/00680334-00232201.gt4hist.xml.txt,,,,"hriger","0068,0072,0069,0067,0065,0072","","","none","1"
/home/cnd/tmp/dev/ocr_eval_paper/TextEval_1.5/rest/00680334.gt.xml.txt,/home/cnd/tmp/dev/ocr_eval_paper/TextEval_1.5/rest/00680334-00232201.gt4hist.xml.txt,,,,"⸗ und Ausſ","2e17,0020,0075,006e,0064,0020,0041,0075,0073,017f","","","none","1"
/home/cnd/tmp/dev/ocr_eval_paper/TextEval_1.5/rest/00680334.gt.xml.txt,/home/cnd/tmp/dev/ocr_eval_paper/TextEval_1.5/rest/00680334-00232201.gt4hist.xml.txt,,,," Tage der Ver","0020,0054,0061,0067,0065,0020,0064,0065,0072,0020,0056,0065,0072","","","none","1"
/home/cnd/tmp/dev/ocr_eval_paper/TextEval_1.5/rest/00680334.gt.xml.txt,/home/cnd/tmp/dev/ocr_eval_paper/TextEval_1.5/rest/00680334-00232201.gt4hist.xml.txt,,,," Armenproze","0020,0041,0072,006d,0065,006e,0070,0072,006f,007a,0065","","","none","1"
/home/cnd/tmp/dev/ocr_eval_paper/TextEval_1.5/rest/00680334.gt.xml.txt,/home/cnd/tmp/dev/ocr_eval_paper/TextEval_1.5/rest/00680334-00232201.gt4hist.xml.txt,,,,"
ex propr","000a,0065,0078,0020,0070,0072,006f,0070,0072","","","none","1"
/home/cnd/tmp/dev/ocr_eval_paper/TextEval_1.5/rest/00680334.gt.xml.txt,/home/cnd/tmp/dev/ocr_eval_paper/TextEval_1.5/rest/00680334-00232201.gt4hist.xml.txt,,,,"
7. Wird ſi","000a,0037,002e,0020,0057,0069,0072,0064,0020,017f,0069","","","none","1"
/home/cnd/tmp/dev/ocr_eval_paper/TextEval_1.5/rest/00680334.gt.xml.txt,/home/cnd/tmp/dev/ocr_eval_paper/TextEval_1.5/rest/00680334-00232201.gt4hist.xml.txt,,,,"menen Ver⸗","006d,0065,006e,0065,006e,0020,0056,0065,0072,2e17","","","none","1"
/home/cnd/tmp/dev/ocr_eval_paper/TextEval_1.5/rest/00680334.gt.xml.txt,/home/cnd/tmp/dev/ocr_eval_paper/TextEval_1.5/rest/00680334-00232201.gt4hist.xml.txt,,,,"
nommen, um 11 ","000a,006e,006f,006d,006d,0065,006e,002c,0020,0075,006d,0020,0031,0031,0020","","","none","1"
/home/cnd/tmp/dev/ocr_eval_paper/TextEval_1.5/rest/00680334.gt.xml.txt,/home/cnd/tmp/dev/ocr_eval_paper/TextEval_1.5/rest/00680334-00232201.gt4hist.xml.txt,,,,"iedenen Haus","0069,0065,0064,0065,006e,0065,006e,0020,0048,0061,0075,0073","","","none","1"
/home/cnd/tmp/dev/ocr_eval_paper/TextEval_1.5/rest/00680334.gt.xml.txt,/home/cnd/tmp/dev/ocr_eval_paper/TextEval_1.5/rest/00680334-00232201.gt4hist.xml.txt,,,,"nd, ","006e,0064,002c,0020","","","none","1"
/home/cnd/tmp/dev/ocr_eval_paper/TextEval_1.5/rest/00680334.gt.xml.txt,/home/cnd/tmp/dev/ocr_eval_paper/TextEval_1.5/rest/00680334-00232201.gt4hist.xml.txt,,,,"g","0067","v","0076","misrecognised","1"
/home/cnd/tmp/dev/ocr_eval_paper/TextEval_1.5/rest/00680334.gt.xml.txt,/home/cnd/tmp/dev/ocr_eval_paper/TextEval_1.5/rest/00680334-00232201.gt4hist.xml.txt,,,,"","eba2","ſ","017f","misrecognised","1"
/home/cnd/tmp/dev/ocr_eval_paper/TextEval_1.5/rest/00680334.gt.xml.txt,/home/cnd/tmp/dev/ocr_eval_paper/TextEval_1.5/rest/00680334-00232201.gt4hist.xml.txt,,,,"",""," 
Kaiſerlich Koͤnigliches Gericht Hall 
iden. 5. Auguſt 1817. 
ttimayr, Landrichter. 
Kink, Adjunkt. 
8 Von dem J. k. Landgerichte Brunecken wird hiemit 
vekannt gemacht, daß auf Anſuchen des Anton Obwerer, 
vuͤrgeglichen Kirſchnernieiſter alidah ais Vormund der vom 
verlebien Herrn eukas Steiner, Handelsmann zu Bru— 
necken aus Anna Salchneriſcher Ehe vo handenen einzi⸗ 
gen noch minderjaͤhrigen Tochter, uͤber erhaltener Bewil⸗ 
ligung oͤffentlich verſteigert werde: — ","0020,000a,004b,0061,0069,017f,0065,0072,006c,0069,0063,0068,0020,004b,006f,0364,006e,0069,0067,006c,0069,0063,0068,0065,0073,0020,0047,0065,0072,0069,0063,0068,0074,0020,0048,0061,006c,006c,0020,000a,0069,0064,0065,006e,002e,0020,0035,002e,0020,0041,0075,0067,0075,017f,0074,0020,0031,0038,0031,0037,002e,0020,000a,0074,0074,0069,006d,0061,0079,0072,002c,0020,004c,0061,006e,0064,0072,0069,0063,0068,0074,0065,0072,002e,0020,000a,004b,0069,006e,006b,002c,0020,0041,0064,006a,0075,006e,006b,0074,002e,0020,000a,0038,0020,0056,006f,006e,0020,0064,0065,006d,0020,004a,002e,0020,006b,002e,0020,004c,0061,006e,0064,0067,0065,0072,0069,0063,0068,0074,0065,0020,0042,0072,0075,006e,0065,0063,006b,0065,006e,0020,0077,0069,0072,0064,0020,0068,0069,0065,006d,0069,0074,0020,000a,0076,0065,006b,0061,006e,006e,0074,0020,0067,0065,006d,0061,0063,0068,0074,002c,0020,0064,0061,00df,0020,0061,0075,0066,0020,0041,006e,017f,0075,0063,0068,0065,006e,0020,0064,0065,0073,0020,0041,006e,0074,006f,006e,0020,004f,0062,0077,0065,0072,0065,0072,002c,0020,000a,0076,0075,0364,0072,0067,0065,0067,006c,0069,0063,0068,0065,006e,0020,004b,0069,0072,017f,0063,0068,006e,0065,0072,006e,0069,0065,0069,017f,0074,0065,0072,0020,0061,006c,0069,0064,0061,0068,0020,0061,0069,0073,0020,0056,006f,0072,006d,0075,006e,0064,0020,0064,0065,0072,0020,0076,006f,006d,0020,000a,0076,0065,0072,006c,0065,0062,0069,0065,006e,0020,0048,0065,0072,0072,006e,0020,0065,0075,006b,0061,0073,0020,0053,0074,0065,0069,006e,0065,0072,002c,0020,0048,0061,006e,0064,0065,006c,0073,006d,0061,006e,006e,0020,007a,0075,0020,0042,0072,0075,2014,0020,000a,006e,0065,0063,006b,0065,006e,0020,0061,0075,0073,0020,0041,006e,006e,0061,0020,0053,0061,006c,0063,0068,006e,0065,0072,0069,017f,0063,0068,0065,0072,0020,0045,0068,0065,0020,0076,006f,0020,0068,0061,006e,0064,0065,006e,0065,006e,0020,0065,0069,006e,007a,0069,2e17,0020,000a,0067,0065,006e,0020,006e,006f,0063,0068,0020,006d,0069,006e,0064,0065,0072,006a,0061,0364,0068,0072,0069,0067,0065,006e,0020,0054,006f,0063,0068,0074,0065,0072,002c,0020,0075,0364,0062,0065,0072,0020,0065,0072,0068,0061,006c,0074,0065,006e,0065,0072,0020,0042,0065,0077,0069,006c,2e17,0020,000a,006c,0069,0067,0075,006e,0067,0020,006f,0364,0066,0066,0065,006e,0074,006c,0069,0063,0068,0020,0076,0065,0072,017f,0074,0065,0069,0067,0065,0072,0074,0020,0077,0065,0072,0064,0065,003a,0020,2014,0020","false detection","1"
/home/cnd/tmp/dev/ocr_eval_paper/TextEval_1.5/rest/00680334.gt.xml.txt,/home/cnd/tmp/dev/ocr_eval_paper/TextEval_1.5/rest/00680334-00232201.gt4hist.xml.txt,,,,"","eba2","fi","0066,0069","misrecognised","1"
/home/cnd/tmp/dev/ocr_eval_paper/TextEval_1.5/rest/00680334.gt.xml.txt,/home/cnd/tmp/dev/ocr_eval_paper/TextEval_1.5/rest/00680334-00232201.gt4hist.xml.txt,,,,"em","0065,006d","","","none","2"
/home/cnd/tmp/dev/ocr_eval_paper/TextEval_1.5/rest/00680334.gt.xml.txt,/home/cnd/tmp/dev/ocr_eval_paper/TextEval_1.5/rest/00680334-00232201.gt4hist.xml.txt,,,,"li","006c,0069","","","none","2"
/home/cnd/tmp/dev/ocr_eval_paper/TextEval_1.5/rest/00680334.gt.xml.txt,/home/cnd/tmp/dev/ocr_eval_paper/TextEval_1.5/rest/00680334-00232201.gt4hist.xml.txt,,,,"eri","0065,0072,0069","","","none","1"
/home/cnd/tmp/dev/ocr_eval_paper/TextEval_1.5/rest/00680334.gt.xml.txt,/home/cnd/tmp/dev/ocr_eval_paper/TextEval_1.5/rest/00680334-00232201.gt4hist.xml.txt,,,,"x","0078","r","0072","misrecognised","1"
/home/cnd/tmp/dev/ocr_eval_paper/TextEval_1.5/rest/00680334.gt.xml.txt,/home/cnd/tmp/dev/ocr_eval_paper/TextEval_1.5/rest/00680334-00232201.gt4hist.xml.txt,,,,"ku","006b,0075","ti","0074,0069","misrecognised","1"
/home/cnd/tmp/dev/ocr_eval_paper/TextEval_1.5/rest/00680334.gt.xml.txt,/home/cnd/tmp/dev/ocr_eval_paper/TextEval_1.5/rest/00680334-00232201.gt4hist.xml.txt,,,,"hrer","0068,0072,0065,0072","","","none","1"
/home/cnd/tmp/dev/ocr_eval_paper/TextEval_1.5/rest/00680334.gt.xml.txt,/home/cnd/tmp/dev/ocr_eval_paper/TextEval_1.5/rest/00680334-00232201.gt4hist.xml.txt,,,,"rl","0072,006c","ck","0063,006b","misrecognised","1"
/home/cnd/tmp/dev/ocr_eval_paper/TextEval_1.5/rest/00680334.gt.xml.txt,/home/cnd/tmp/dev/ocr_eval_paper/TextEval_1.5/rest/00680334-00232201.gt4hist.xml.txt,,,," der","0020,0064,0065,0072","","","none","1"
/home/cnd/tmp/dev/ocr_eval_paper/TextEval_1.5/rest/00680334.gt.xml.txt,/home/cnd/tmp/dev/ocr_eval_paper/TextEval_1.5/rest/00680334-00232201.gt4hist.xml.txt,,,,"en Fri","0065,006e,0020,0046,0072,0069","","","none","1"
/home/cnd/tmp/dev/ocr_eval_paper/TextEval_1.5/rest/00680334.gt.xml.txt,/home/cnd/tmp/dev/ocr_eval_paper/TextEval_1.5/rest/00680334-00232201.gt4hist.xml.txt,,,,"il","0069,006c","U","0055","misrecognised","1"
/home/cnd/tmp/dev/ocr_eval_paper/TextEval_1.5/rest/00680334.gt.xml.txt,/home/cnd/tmp/dev/ocr_eval_paper/TextEval_1.5/rest/00680334-00232201.gt4hist.xml.txt,,,,"l","006c","t","0074","misrecognised","15"
/home/cnd/tmp/dev/ocr_eval_paper/TextEval_1.5/rest/00680334.gt.xml.txt,/home/cnd/tmp/dev/ocr_eval_paper/TextEval_1.5/rest/00680334-00232201.gt4hist.xml.txt,,,,"ur","0075,0072","n","006e","misrecognised","1"
/home/cnd/tmp/dev/ocr_eval_paper/TextEval_1.5/rest/00680334.gt.xml.txt,/home/cnd/tmp/dev/ocr_eval_paper/TextEval_1.5/rest/00680334-00232201.gt4hist.xml.txt,,,,". Haben E","002e,0020,0048,0061,0062,0065,006e,0020,0045","","","none","1"
/home/cnd/tmp/dev/ocr_eval_paper/TextEval_1.5/rest/00680334.gt.xml.txt,/home/cnd/tmp/dev/ocr_eval_paper/TextEval_1.5/rest/00680334-00232201.gt4hist.xml.txt,,,,"a","0061","n","006e","misrecognised","2"
/home/cnd/tmp/dev/ocr_eval_paper/TextEval_1.5/rest/00680334.gt.xml.txt,/home/cnd/tmp/dev/ocr_eval_paper/TextEval_1.5/rest/00680334-00232201.gt4hist.xml.txt,,,,"tern ","0074,0065,0072,006e,0020","","","none","1"
/home/cnd/tmp/dev/ocr_eval_paper/TextEval_1.5/rest/00680334.gt.xml.txt,/home/cnd/tmp/dev/ocr_eval_paper/TextEval_1.5/rest/00680334-00232201.gt4hist.xml.txt,,,,"ndige ","006e,0064,0069,0067,0065,0020","","","none","1"
/home/cnd/tmp/dev/ocr_eval_paper/TextEval_1.5/rest/00680334.gt.xml.txt,/home/cnd/tmp/dev/ocr_eval_paper/TextEval_1.5/rest/00680334-00232201.gt4hist.xml.txt,,,,"en Urſprun⸗","0065,006e,0020,0055,0072,017f,0070,0072,0075,006e,2e17","","","none","1"
/home/cnd/tmp/dev/ocr_eval_paper/TextEval_1.5/rest/00680334.gt.xml.txt,/home/cnd/tmp/dev/ocr_eval_paper/TextEval_1.5/rest/00680334-00232201.gt4hist.xml.txt,,,,"er ","0065,0072,0020","","","none","1"
/home/cnd/tmp/dev/ocr_eval_paper/TextEval_1.5/rest/00680334.gt.xml.txt,/home/cnd/tmp/dev/ocr_eval_paper/TextEval_1.5/rest/00680334-00232201.gt4hist.xml.txt,,,,"n","006e","tz","0074,007a","misrecognised","1"
/home/cnd/tmp/dev/ocr_eval_paper/TextEval_1.5/rest/00680334.gt.xml.txt,/home/cnd/tmp/dev/ocr_eval_paper/TextEval_1.5/rest/00680334-00232201.gt4hist.xml.txt,,,,"m","006d","hig","0068,0069,0067","misrecognised","1"
/home/cnd/tmp/dev/ocr_eval_paper/TextEval_1.5/rest/00680334.gt.xml.txt,/home/cnd/tmp/dev/ocr_eval_paper/TextEval_1.5/rest/00680334-00232201.gt4hist.xml.txt,,,,"ei","0065,0069","","","none","2"
/home/cnd/tmp/dev/ocr_eval_paper/TextEval_1.5/rest/00680334.gt.xml.txt,/home/cnd/tmp/dev/ocr_eval_paper/TextEval_1.5/rest/00680334-00232201.gt4hist.xml.txt,,,,"o⸗","006f,2e17","","","none","1"
/home/cnd/tmp/dev/ocr_eval_paper/TextEval_1.5/rest/00680334.gt.xml.txt,/home/cnd/tmp/dev/ocr_eval_paper/TextEval_1.5/rest/00680334-00232201.gt4hist.xml.txt,,,,"en, A","0065,006e,002c,0020,0041","","","none","1"
/home/cnd/tmp/dev/ocr_eval_paper/TextEval_1.5/rest/00680334.gt.xml.txt,/home/cnd/tmp/dev/ocr_eval_paper/TextEval_1.5/rest/00680334-00232201.gt4hist.xml.txt,,,," zu be","0020,007a,0075,0020,0062,0065","","","none","1"
/home/cnd/tmp/dev/ocr_eval_paper/TextEval_1.5/rest/00680334.gt.xml.txt,/home/cnd/tmp/dev/ocr_eval_paper/TextEval_1.5/rest/00680334-00232201.gt4hist.xml.txt,,,,"
Da ","000a,0044,0061,0020","","","none","1"
/home/cnd/tmp/dev/ocr_eval_paper/TextEval_1.5/rest/00680334.gt.xml.txt,/home/cnd/tmp/dev/ocr_eval_paper/TextEval_1.5/rest/00680334-00232201.gt4hist.xml.txt,,,,"z","007a","ſ","017f","misrecognised","1"
/home/cnd/tmp/dev/ocr_eval_paper/TextEval_1.5/rest/00680334.gt.xml.txt,/home/cnd/tmp/dev/ocr_eval_paper/TextEval_1.5/rest/00680334-00232201.gt4hist.xml.txt,,,,"","","l","006c","false detection","1"
/home/cnd/tmp/dev/ocr_eval_paper/TextEval_1.5/rest/00680334.gt.xml.txt,/home/cnd/tmp/dev/ocr_eval_paper/TextEval_1.5/rest/00680334-00232201.gt4hist.xml.txt,,,,"r","0072","","","miss","3"
/home/cnd/tmp/dev/ocr_eval_paper/TextEval_1.5/rest/00680334.gt.xml.txt,/home/cnd/tmp/dev/ocr_eval_paper/TextEval_1.5/rest/00680334-00232201.gt4hist.xml.txt,,,,"e be","0065,0020,0062,0065","","","none","1"
/home/cnd/tmp/dev/ocr_eval_paper/TextEval_1.5/rest/00680334.gt.xml.txt,/home/cnd/tmp/dev/ocr_eval_paper/TextEval_1.5/rest/00680334-00232201.gt4hist.xml.txt,,,,"ü","eada,00fc,eec4","ſtuͤck","017f,0074,0075,0364,0063,006b","misrecognised","1"
/home/cnd/tmp/dev/ocr_eval_paper/TextEval_1.5/rest/00680334.gt.xml.txt,/home/cnd/tmp/dev/ocr_eval_paper/TextEval_1.5/rest/00680334-00232201.gt4hist.xml.txt,,,," no","0020,006e,006f","","","none","1"
/home/cnd/tmp/dev/ocr_eval_paper/TextEval_1.5/rest/00680334.gt.xml.txt,/home/cnd/tmp/dev/ocr_eval_paper/TextEval_1.5/rest/00680334-00232201.gt4hist.xml.txt,,,,"r dar","0072,0020,0064,0061,0072","","","none","1"
/home/cnd/tmp/dev/ocr_eval_paper/TextEval_1.5/rest/00680334.gt.xml.txt,/home/cnd/tmp/dev/ocr_eval_paper/TextEval_1.5/rest/00680334-00232201.gt4hist.xml.txt,,,,"W","0057","M","004d","misrecognised","1"
/home/cnd/tmp/dev/ocr_eval_paper/TextEval_1.5/rest/00680334.gt.xml.txt,/home/cnd/tmp/dev/ocr_eval_paper/TextEval_1.5/rest/00680334-00232201.gt4hist.xml.txt,,,,"","","“","201c","false detection","1"
/home/cnd/tmp/dev/ocr_eval_paper/TextEval_1.5/rest/00680334.gt.xml.txt,/home/cnd/tmp/dev/ocr_eval_paper/TextEval_1.5/rest/00680334-00232201.gt4hist.xml.txt,,,,"k","006b","t","0074","misrecognised","16"
/home/cnd/tmp/dev/ocr_eval_paper/TextEval_1.5/rest/00680334.gt.xml.txt,/home/cnd/tmp/dev/ocr_eval_paper/TextEval_1.5/rest/00680334-00232201.gt4hist.xml.txt,,,,"en Gl","0065,006e,0020,0047,006c","","","none","1"
/home/cnd/tmp/dev/ocr_eval_paper/TextEval_1.5/rest/00680334.gt.xml.txt,/home/cnd/tmp/dev/ocr_eval_paper/TextEval_1.5/rest/00680334-00232201.gt4hist.xml.txt,,,," S","0020,0053","","","none","3"
/home/cnd/tmp/dev/ocr_eval_paper/TextEval_1.5/rest/00680334.gt.xml.txt,/home/cnd/tmp/dev/ocr_eval_paper/TextEval_1.5/rest/00680334-00232201.gt4hist.xml.txt,,,,"worte","0077,006f,0072,0074,0065","","","none","1"
/home/cnd/tmp/dev/ocr_eval_paper/TextEval_1.5/rest/00680334.gt.xml.txt,/home/cnd/tmp/dev/ocr_eval_paper/TextEval_1.5/rest/00680334-00232201.gt4hist.xml.txt,,,,"
Die Ve","000a,0044,0069,0065,0020,0056,0065","","","none","1"
/home/cnd/tmp/dev/ocr_eval_paper/TextEval_1.5/rest/00680334.gt.xml.txt,/home/cnd/tmp/dev/ocr_eval_paper/TextEval_1.5/rest/00680334-00232201.gt4hist.xml.txt,,,,"","eba2","ſi","017f,0069","misrecognised","7"
/home/cnd/tmp/dev/ocr_eval_paper/TextEval_1.5/rest/00680334.gt.xml.txt,/home/cnd/tmp/dev/ocr_eval_paper/TextEval_1.5/rest/00680334-00232201.gt4hist.xml.txt,,,,"V","0056","o","006f","misrecognised","1"
/home/cnd/tmp/dev/ocr_eval_paper/TextEval_1.5/rest/00680334.gt.xml.txt,/home/cnd/tmp/dev/ocr_eval_paper/TextEval_1.5/rest/00680334-00232201.gt4hist.xml.txt,,,,"","eada","ft","0066,0074","misrecognised","3"
/home/cnd/tmp/dev/ocr_eval_paper/TextEval_1.5/rest/00680334.gt.xml.txt,/home/cnd/tmp/dev/ocr_eval_paper/TextEval_1.5/rest/00680334-00232201.gt4hist.xml.txt,,,,"
2 ","000a,0032,0020","","","none","1"
/home/cnd/tmp/dev/ocr_eval_paper/TextEval_1.5/rest/00680334.gt.xml.txt,/home/cnd/tmp/dev/ocr_eval_paper/TextEval_1.5/rest/00680334-00232201.gt4hist.xml.txt,,,,"om ","006f,006d,0020","","","none","1"
/home/cnd/tmp/dev/ocr_eval_paper/TextEval_1.5/rest/00680334.gt.xml.txt,/home/cnd/tmp/dev/ocr_eval_paper/TextEval_1.5/rest/00680334-00232201.gt4hist.xml.txt,,,,"l","006c","d","0064","misrecognised","1"
/home/cnd/tmp/dev/ocr_eval_paper/TextEval_1.5/rest/00680334.gt.xml.txt,/home/cnd/tmp/dev/ocr_eval_paper/TextEval_1.5/rest/00680334-00232201.gt4hist.xml.txt,,,,",","002c","⸗","2e17","misrecognised","6"
/home/cnd/tmp/dev/ocr_eval_paper/TextEval_1.5/rest/00680334.gt.xml.txt,/home/cnd/tmp/dev/ocr_eval_paper/TextEval_1.5/rest/00680334-00232201.gt4hist.xml.txt,,,,"o","006f","d","0064","misrecognised","1"
/home/cnd/tmp/dev/ocr_eval_paper/TextEval_1.5/rest/00680334.gt.xml.txt,/home/cnd/tmp/dev/ocr_eval_paper/TextEval_1.5/rest/00680334-00232201.gt4hist.xml.txt,,,,"n","006e","","","none","5"
/home/cnd/tmp/dev/ocr_eval_paper/TextEval_1.5/rest/00680334.gt.xml.txt,/home/cnd/tmp/dev/ocr_eval_paper/TextEval_1.5/rest/00680334-00232201.gt4hist.xml.txt,,,,"w","0077","m","006d","misrecognised","2"
/home/cnd/tmp/dev/ocr_eval_paper/TextEval_1.5/rest/00680334.gt.xml.txt,/home/cnd/tmp/dev/ocr_eval_paper/TextEval_1.5/rest/00680334-00232201.gt4hist.xml.txt,,,," auf⸗","0020,0061,0075,0066,2e17","","","none","1"
/home/cnd/tmp/dev/ocr_eval_paper/TextEval_1.5/rest/00680334.gt.xml.txt,/home/cnd/tmp/dev/ocr_eval_paper/TextEval_1.5/rest/00680334-00232201.gt4hist.xml.txt,,,,"
li","000a,006c,0069","","","none","1"
/home/cnd/tmp/dev/ocr_eval_paper/TextEval_1.5/rest/00680334.gt.xml.txt,/home/cnd/tmp/dev/ocr_eval_paper/TextEval_1.5/rest/00680334-00232201.gt4hist.xml.txt,,,,"ä","00e4","a","0061","misrecognised","7"
/home/cnd/tmp/dev/ocr_eval_paper/TextEval_1.5/rest/00680334.gt.xml.txt,/home/cnd/tmp/dev/ocr_eval_paper/TextEval_1.5/rest/00680334-00232201.gt4hist.xml.txt,,,,"","eba6","ſſ","017f,017f","misrecognised","11"
/home/cnd/tmp/dev/ocr_eval_paper/TextEval_1.5/rest/00680334.gt.xml.txt,/home/cnd/tmp/dev/ocr_eval_paper/TextEval_1.5/rest/00680334-00232201.gt4hist.xml.txt,,,,"rtigen ","0072,0074,0069,0067,0065,006e,0020","","","none","1"
/home/cnd/tmp/dev/ocr_eval_paper/TextEval_1.5/rest/00680334.gt.xml.txt,/home/cnd/tmp/dev/ocr_eval_paper/TextEval_1.5/rest/00680334-00232201.gt4hist.xml.txt,,,,"t","0074","","","miss","2"
/home/cnd/tmp/dev/ocr_eval_paper/TextEval_1.5/rest/00680334.gt.xml.txt,/home/cnd/tmp/dev/ocr_eval_paper/TextEval_1.5/rest/00680334-00232201.gt4hist.xml.txt,,,,",","002c",".","002e","misrecognised","2"
/home/cnd/tmp/dev/ocr_eval_paper/TextEval_1.5/rest/00680334.gt.xml.txt,/home/cnd/tmp/dev/ocr_eval_paper/TextEval_1.5/rest/00680334-00232201.gt4hist.xml.txt,,,," das Re","0020,0064,0061,0073,0020,0052,0065","","","none","1"
/home/cnd/tmp/dev/ocr_eval_paper/TextEval_1.5/rest/00680334.gt.xml.txt,/home/cnd/tmp/dev/ocr_eval_paper/TextEval_1.5/rest/00680334-00232201.gt4hist.xml.txt,,,,"der jene","0064,0065,0072,0020,006a,0065,006e,0065","","","none","1"
/home/cnd/tmp/dev/ocr_eval_paper/TextEval_1.5/rest/00680334.gt.xml.txt,/home/cnd/tmp/dev/ocr_eval_paper/TextEval_1.5/rest/00680334-00232201.gt4hist.xml.txt,,,,"o","006f","v","0076","misrecognised","3"
/home/cnd/tmp/dev/ocr_eval_paper/TextEval_1.5/rest/00680334.gt.xml.txt,/home/cnd/tmp/dev/ocr_eval_paper/TextEval_1.5/rest/00680334-00232201.gt4hist.xml.txt,,,,"
Kompen","000a,004b,006f,006d,0070,0065,006e","","","none","1"
/home/cnd/tmp/dev/ocr_eval_paper/TextEval_1.5/rest/00680334.gt.xml.txt,/home/cnd/tmp/dev/ocr_eval_paper/TextEval_1.5/rest/00680334-00232201.gt4hist.xml.txt,,,,"ührte","00fc,0068,0072,0074,0065","","","none","1"
/home/cnd/tmp/dev/ocr_eval_paper/TextEval_1.5/rest/00680334.gt.xml.txt,/home/cnd/tmp/dev/ocr_eval_paper/TextEval_1.5/rest/00680334-00232201.gt4hist.xml.txt,,,,"mli","006d,006c,0069","","","none","1"
/home/cnd/tmp/dev/ocr_eval_paper/TextEval_1.5/rest/00680334.gt.xml.txt,/home/cnd/tmp/dev/ocr_eval_paper/TextEval_1.5/rest/00680334-00232201.gt4hist.xml.txt,,,,"der","0064,0065,0072","","","none","1"
/home/cnd/tmp/dev/ocr_eval_paper/TextEval_1.5/rest/00680334.gt.xml.txt,/home/cnd/tmp/dev/ocr_eval_paper/TextEval_1.5/rest/00680334-00232201.gt4hist.xml.txt,,,,"
mehr","000a,006d,0065,0068,0072","","","none","1"
/home/cnd/tmp/dev/ocr_eval_paper/TextEval_1.5/rest/00680334.gt.xml.txt,/home/cnd/tmp/dev/ocr_eval_paper/TextEval_1.5/rest/00680334-00232201.gt4hist.xml.txt,,,,"ten,","0074,0065,006e,002c","","","none","1"
/home/cnd/tmp/dev/ocr_eval_paper/TextEval_1.5/rest/00680334.gt.xml.txt,/home/cnd/tmp/dev/ocr_eval_paper/TextEval_1.5/rest/00680334-00232201.gt4hist.xml.txt,,,,"ä ","00e4,0020","a","0061","misrecognised","1"
/home/cnd/tmp/dev/ocr_eval_paper/TextEval_1.5/rest/00680334.gt.xml.txt,/home/cnd/tmp/dev/ocr_eval_paper/TextEval_1.5/rest/00680334-00232201.gt4hist.xml.txt,,,,"⸗ ","2e17,0020","","","miss","1"
/home/cnd/tmp/dev/ocr_eval_paper/TextEval_1.5/rest/00680334.gt.xml.txt,/home/cnd/tmp/dev/ocr_eval_paper/TextEval_1.5/rest/00680334-00232201.gt4hist.xml.txt,,,,"i","0069","ſ","017f","misrecognised","2"
/home/cnd/tmp/dev/ocr_eval_paper/TextEval_1.5/rest/00680334.gt.xml.txt,/home/cnd/tmp/dev/ocr_eval_paper/TextEval_1.5/rest/00680334-00232201.gt4hist.xml.txt,,,,"
o","000a,006f","","","none","1"
/home/cnd/tmp/dev/ocr_eval_paper/TextEval_1.5/rest/00680334.gt.xml.txt,/home/cnd/tmp/dev/ocr_eval_paper/TextEval_1.5/rest/00680334-00232201.gt4hist.xml.txt,,,,",","002c","?","003f","misrecognised","4"
/home/cnd/tmp/dev/ocr_eval_paper/TextEval_1.5/rest/00680334.gt.xml.txt,/home/cnd/tmp/dev/ocr_eval_paper/TextEval_1.5/rest/00680334-00232201.gt4hist.xml.txt,,,,"
Zuglei","000a,005a,0075,0067,006c,0065,0069","","","none","1"
/home/cnd/tmp/dev/ocr_eval_paper/TextEval_1.5/rest/00680334.gt.xml.txt,/home/cnd/tmp/dev/ocr_eval_paper/TextEval_1.5/rest/00680334-00232201.gt4hist.xml.txt,,,,"Verſu","0056,0065,0072,017f,0075","","","none","1"
/home/cnd/tmp/dev/ocr_eval_paper/TextEval_1.5/rest/00680334.gt.xml.txt,/home/cnd/tmp/dev/ocr_eval_paper/TextEval_1.5/rest/00680334-00232201.gt4hist.xml.txt,,,,"
eines neuen","000a,0065,0069,006e,0065,0073,0020,006e,0065,0075,0065,006e","","","none","1"
/home/cnd/tmp/dev/ocr_eval_paper/TextEval_1.5/rest/00680334.gt.xml.txt,/home/cnd/tmp/dev/ocr_eval_paper/TextEval_1.5/rest/00680334-00232201.gt4hist.xml.txt,,,,"weil n au","0077,0065,0069,006c,0020,006e,0020,0061,0075","","","none","1"
/home/cnd/tmp/dev/ocr_eval_paper/TextEval_1.5/rest/00680334.gt.xml.txt,/home/cnd/tmp/dev/ocr_eval_paper/TextEval_1.5/rest/00680334-00232201.gt4hist.xml.txt,,,,"ü","00fc","n","006e","misrecognised","2"
/home/cnd/tmp/dev/ocr_eval_paper/TextEval_1.5/rest/00680334.gt.xml.txt,/home/cnd/tmp/dev/ocr_eval_paper/TextEval_1.5/rest/00680334-00232201.gt4hist.xml.txt,,,,"ung des Ma","0075,006e,0067,0020,0064,0065,0073,0020,004d,0061","","","none","1"
/home/cnd/tmp/dev/ocr_eval_paper/TextEval_1.5/rest/00680334.gt.xml.txt,/home/cnd/tmp/dev/ocr_eval_paper/TextEval_1.5/rest/00680334-00232201.gt4hist.xml.txt,,,,"
tursſa","000a,0074,0075,0072,0073,017f,0061","","","none","1"
/home/cnd/tmp/dev/ocr_eval_paper/TextEval_1.5/rest/00680334.gt.xml.txt,/home/cnd/tmp/dev/ocr_eval_paper/TextEval_1.5/rest/00680334-00232201.gt4hist.xml.txt,,,,"nf","006e,0066","","","none","1"
/home/cnd/tmp/dev/ocr_eval_paper/TextEval_1.5/rest/00680334.gt.xml.txt,/home/cnd/tmp/dev/ocr_eval_paper/TextEval_1.5/rest/00680334-00232201.gt4hist.xml.txt,,,," Uhr Tag","0020,0055,0068,0072,0020,0054,0061,0067","","","none","1"
/home/cnd/tmp/dev/ocr_eval_paper/TextEval_1.5/rest/00680334.gt.xml.txt,/home/cnd/tmp/dev/ocr_eval_paper/TextEval_1.5/rest/00680334-00232201.gt4hist.xml.txt,,,,"ger Amt","0067,0065,0072,0020,0041,006d,0074","","","none","1"
/home/cnd/tmp/dev/ocr_eval_paper/TextEval_1.5/rest/00680334.gt.xml.txt,/home/cnd/tmp/dev/ocr_eval_paper/TextEval_1.5/rest/00680334-00232201.gt4hist.xml.txt,,,,"tli","0074,006c,0069","","","none","1"
/home/cnd/tmp/dev/ocr_eval_paper/TextEval_1.5/rest/00680334.gt.xml.txt,/home/cnd/tmp/dev/ocr_eval_paper/TextEval_1.5/rest/00680334-00232201.gt4hist.xml.txt,,,,"
gewi","000a,0067,0065,0077,0069","","","none","1"
/home/cnd/tmp/dev/ocr_eval_paper/TextEval_1.5/rest/00680334.gt.xml.txt,/home/cnd/tmp/dev/ocr_eval_paper/TextEval_1.5/rest/00680334-00232201.gt4hist.xml.txt,,,,"
geza","000a,0067,0065,007a,0061","","","none","1"
/home/cnd/tmp/dev/ocr_eval_paper/TextEval_1.5/rest/00680334.gt.xml.txt,/home/cnd/tmp/dev/ocr_eval_paper/TextEval_1.5/rest/00680334-00232201.gt4hist.xml.txt,,,,"
Brixen den ","000a,0042,0072,0069,0078,0065,006e,0020,0064,0065,006e,0020","","","none","1"
/home/cnd/tmp/dev/ocr_eval_paper/TextEval_1.5/rest/00680334.gt.xml.txt,/home/cnd/tmp/dev/ocr_eval_paper/TextEval_1.5/rest/00680334-00232201.gt4hist.xml.txt,,,,"ter.","0074,0065,0072,002e","","","none","1"
/home/cnd/tmp/dev/ocr_eval_paper/TextEval_1.5/rest/00680334.gt.xml.txt,/home/cnd/tmp/dev/ocr_eval_paper/TextEval_1.5/rest/00680334-00232201.gt4hist.xml.txt,,,,"en Geri","0065,006e,0020,0047,0065,0072,0069","","","none","1"
/home/cnd/tmp/dev/ocr_eval_paper/TextEval_1.5/rest/00680334.gt.xml.txt,/home/cnd/tmp/dev/ocr_eval_paper/TextEval_1.5/rest/00680334-00232201.gt4hist.xml.txt,,,,"wa","0077,0061","","","none","3"
/home/cnd/tmp/dev/ocr_eval_paper/TextEval_1.5/rest/00680334.gt.xml.txt,/home/cnd/tmp/dev/ocr_eval_paper/TextEval_1.5/rest/00680334-00232201.gt4hist.xml.txt,,,,"annt ge","0061,006e,006e,0074,0020,0067,0065","","","none","1"
/home/cnd/tmp/dev/ocr_eval_paper/TextEval_1.5/rest/00680334.gt.xml.txt,/home/cnd/tmp/dev/ocr_eval_paper/TextEval_1.5/rest/00680334-00232201.gt4hist.xml.txt,,,,"oys und No","006f,0079,0073,0020,0075,006e,0064,0020,004e,006f","","","none","1"
/home/cnd/tmp/dev/ocr_eval_paper/TextEval_1.5/rest/00680334.gt.xml.txt,/home/cnd/tmp/dev/ocr_eval_paper/TextEval_1.5/rest/00680334-00232201.gt4hist.xml.txt,,,," um Einberu⸗","0020,0075,006d,0020,0045,0069,006e,0062,0065,0072,0075,2e17","","","none","1"
/home/cnd/tmp/dev/ocr_eval_paper/TextEval_1.5/rest/00680334.gt.xml.txt,/home/cnd/tmp/dev/ocr_eval_paper/TextEval_1.5/rest/00680334-00232201.gt4hist.xml.txt,,,,"hrer ","0068,0072,0065,0072,0020","","","none","1"
/home/cnd/tmp/dev/ocr_eval_paper/TextEval_1.5/rest/00680334.gt.xml.txt,/home/cnd/tmp/dev/ocr_eval_paper/TextEval_1.5/rest/00680334-00232201.gt4hist.xml.txt,,,,"
weſend","000a,0077,0065,017f,0065,006e,0064","","","none","1"
/home/cnd/tmp/dev/ocr_eval_paper/TextEval_1.5/rest/00680334.gt.xml.txt,/home/cnd/tmp/dev/ocr_eval_paper/TextEval_1.5/rest/00680334-00232201.gt4hist.xml.txt,,,,"
ne von ","000a,006e,0065,0020,0076,006f,006e,0020","","","none","1"
/home/cnd/tmp/dev/ocr_eval_paper/TextEval_1.5/rest/00680334.gt.xml.txt,/home/cnd/tmp/dev/ocr_eval_paper/TextEval_1.5/rest/00680334-00232201.gt4hist.xml.txt,,,,"r b","0072,0020,0062","","","none","1"
/home/cnd/tmp/dev/ocr_eval_paper/TextEval_1.5/rest/00680334.gt.xml.txt,/home/cnd/tmp/dev/ocr_eval_paper/TextEval_1.5/rest/00680334-00232201.gt4hist.xml.txt,,,,"
als im widrigen geda","000a,0061,006c,0073,0020,0069,006d,0020,0077,0069,0064,0072,0069,0067,0065,006e,0020,0067,0065,0064,0061","","","none","1"
/home/cnd/tmp/dev/ocr_eval_paper/TextEval_1.5/rest/00680334.gt.xml.txt,/home/cnd/tmp/dev/ocr_eval_paper/TextEval_1.5/rest/00680334-00232201.gt4hist.xml.txt,,,,"
glaubiger in die ","000a,0067,006c,0061,0075,0062,0069,0067,0065,0072,0020,0069,006e,0020,0064,0069,0065,0020","","","none","1"
/home/cnd/tmp/dev/ocr_eval_paper/TextEval_1.5/rest/00680334.gt.xml.txt,/home/cnd/tmp/dev/ocr_eval_paper/TextEval_1.5/rest/00680334-00232201.gt4hist.xml.txt,,,,"brige","0062,0072,0069,0067,0065","","","none","1"
/home/cnd/tmp/dev/ocr_eval_paper/TextEval_1.5/rest/00680334.gt.xml.txt,/home/cnd/tmp/dev/ocr_eval_paper/TextEval_1.5/rest/00680334-00232201.gt4hist.xml.txt,,,,"
ledig","000a,006c,0065,0064,0069,0067","","","none","1"
/home/cnd/tmp/dev/ocr_eval_paper/TextEval_1.5/rest/00680334.gt.xml.txt,/home/cnd/tmp/dev/ocr_eval_paper/TextEval_1.5/rest/00680334-00232201.gt4hist.xml.txt,,,,"um Sta","0075,006d,0020,0053,0074,0061","","","none","1"
/home/cnd/tmp/dev/ocr_eval_paper/TextEval_1.5/rest/00680334.gt.xml.txt,/home/cnd/tmp/dev/ocr_eval_paper/TextEval_1.5/rest/00680334-00232201.gt4hist.xml.txt,,,,"hr","0068,0072","","","none","1"
/home/cnd/tmp/dev/ocr_eval_paper/TextEval_1.5/rest/00680334.gt.xml.txt,/home/cnd/tmp/dev/ocr_eval_paper/TextEval_1.5/rest/00680334-00232201.gt4hist.xml.txt,,,,"li 4 ","006c,0069,0020,0034,0020","","","none","1"
/home/cnd/tmp/dev/ocr_eval_paper/TextEval_1.5/rest/00680334.gt.xml.txt,/home/cnd/tmp/dev/ocr_eval_paper/TextEval_1.5/rest/00680334-00232201.gt4hist.xml.txt,,,,"euer und ","0065,0075,0065,0072,0020,0075,006e,0064,0020","","","none","1"
/home/cnd/tmp/dev/ocr_eval_paper/TextEval_1.5/rest/00680334.gt.xml.txt,/home/cnd/tmp/dev/ocr_eval_paper/TextEval_1.5/rest/00680334-00232201.gt4hist.xml.txt,,,,"udenſcha","0075,0064,0065,006e,017f,0063,0068,0061","","","none","1"
/home/cnd/tmp/dev/ocr_eval_paper/TextEval_1.5/rest/00680334.gt.xml.txt,/home/cnd/tmp/dev/ocr_eval_paper/TextEval_1.5/rest/00680334-00232201.gt4hist.xml.txt,,,,"
Kaufe zuge","000a,004b,0061,0075,0066,0065,0020,007a,0075,0067,0065","","","none","1"
/home/cnd/tmp/dev/ocr_eval_paper/TextEval_1.5/rest/00680334.gt.xml.txt,/home/cnd/tmp/dev/ocr_eval_paper/TextEval_1.5/rest/00680334-00232201.gt4hist.xml.txt,,,,"aft ","0061,0066,0074,0020","","","none","1"
/home/cnd/tmp/dev/ocr_eval_paper/TextEval_1.5/rest/00680334.gt.xml.txt,/home/cnd/tmp/dev/ocr_eval_paper/TextEval_1.5/rest/00680334-00232201.gt4hist.xml.txt,,,,"ä","00e4","u","0075","misrecognised","1"
/home/cnd/tmp/dev/ocr_eval_paper/TextEval_1.5/rest/00680334.gt.xml.txt,/home/cnd/tmp/dev/ocr_eval_paper/TextEval_1.5/rest/00680334-00232201.gt4hist.xml.txt,,,,"ein Anbo","0065,0069,006e,0020,0041,006e,0062,006f","","","none","1"
/home/cnd/tmp/dev/ocr_eval_paper/TextEval_1.5/rest/00680334.gt.xml.txt,/home/cnd/tmp/dev/ocr_eval_paper/TextEval_1.5/rest/00680334-00232201.gt4hist.xml.txt,,,,"angen mit","0061,006e,0067,0065,006e,0020,006d,0069,0074","","","none","1"
/home/cnd/tmp/dev/ocr_eval_paper/TextEval_1.5/rest/00680334.gt.xml.txt,/home/cnd/tmp/dev/ocr_eval_paper/TextEval_1.5/rest/00680334-00232201.gt4hist.xml.txt,,,,"ange","0061,006e,0067,0065","","","none","1"
/home/cnd/tmp/dev/ocr_eval_paper/TextEval_1.5/rest/00680334.gt.xml.txt,/home/cnd/tmp/dev/ocr_eval_paper/TextEval_1.5/rest/00680334-00232201.gt4hist.xml.txt,,,,"ndun","006e,0064,0075,006e","","","none","1"
/home/cnd/tmp/dev/ocr_eval_paper/TextEval_1.5/rest/00680334.gt.xml.txt,/home/cnd/tmp/dev/ocr_eval_paper/TextEval_1.5/rest/00680334-00232201.gt4hist.xml.txt,,,,"fer alle ","0066,0065,0072,0020,0061,006c,006c,0065,0020","","","none","1"
/home/cnd/tmp/dev/ocr_eval_paper/TextEval_1.5/rest/00680334.gt.xml.txt,/home/cnd/tmp/dev/ocr_eval_paper/TextEval_1.5/rest/00680334-00232201.gt4hist.xml.txt,,,,"bernehmen","0062,0065,0072,006e,0065,0068,006d,0065,006e","","","none","1"
/home/cnd/tmp/dev/ocr_eval_paper/TextEval_1.5/rest/00680334.gt.xml.txt,/home/cnd/tmp/dev/ocr_eval_paper/TextEval_1.5/rest/00680334-00232201.gt4hist.xml.txt,,,," die Wag und","0020,0064,0069,0065,0020,0057,0061,0067,0020,0075,006e,0064","","","none","1"
/home/cnd/tmp/dev/ocr_eval_paper/TextEval_1.5/rest/00680334.gt.xml.txt,/home/cnd/tmp/dev/ocr_eval_paper/TextEval_1.5/rest/00680334-00232201.gt4hist.xml.txt,,,,"ufer die Lizi","0075,0066,0065,0072,0020,0064,0069,0065,0020,004c,0069,007a,0069","","","none","1"
/home/cnd/tmp/dev/ocr_eval_paper/TextEval_1.5/rest/00680334.gt.xml.txt,/home/cnd/tmp/dev/ocr_eval_paper/TextEval_1.5/rest/00680334-00232201.gt4hist.xml.txt,,,," wie da","0020,0077,0069,0065,0020,0064,0061","","","none","1"
/home/cnd/tmp/dev/ocr_eval_paper/TextEval_1.5/rest/00680334.gt.xml.txt,/home/cnd/tmp/dev/ocr_eval_paper/TextEval_1.5/rest/00680334-00232201.gt4hist.xml.txt,,,,"n","006e","u","0075","misrecognised","7"
/home/cnd/tmp/dev/ocr_eval_paper/TextEval_1.5/rest/00680334.gt.xml.txt,/home/cnd/tmp/dev/ocr_eval_paper/TextEval_1.5/rest/00680334-00232201.gt4hist.xml.txt,,,,"ü","00fc","ii","0069,0069","misrecognised","1"
/home/cnd/tmp/dev/ocr_eval_paper/TextEval_1.5/rest/00680334.gt.xml.txt,/home/cnd/tmp/dev/ocr_eval_paper/TextEval_1.5/rest/00680334-00232201.gt4hist.xml.txt,,,,"berno","0062,0065,0072,006e,006f","","","none","1"
/home/cnd/tmp/dev/ocr_eval_paper/TextEval_1.5/rest/00680334.gt.xml.txt,/home/cnd/tmp/dev/ocr_eval_paper/TextEval_1.5/rest/00680334-00232201.gt4hist.xml.txt,,,,"ind","0069,006e,0064","","","none","1"
/home/cnd/tmp/dev/ocr_eval_paper/TextEval_1.5/rest/00680334.gt.xml.txt,/home/cnd/tmp/dev/ocr_eval_paper/TextEval_1.5/rest/00680334-00232201.gt4hist.xml.txt,,,,"ens vorbehalte","0065,006e,0073,0020,0076,006f,0072,0062,0065,0068,0061,006c,0074,0065","","","none","1"
/home/cnd/tmp/dev/ocr_eval_paper/TextEval_1.5/rest/00680334.gt.xml.txt,/home/cnd/tmp/dev/ocr_eval_paper/TextEval_1.5/rest/00680334-00232201.gt4hist.xml.txt,,,,"eige ung begin⸗","0065,0069,0067,0065,0020,0075,006e,0067,0020,0062,0065,0067,0069,006e,2e17","","","none","1"
/home/cnd/tmp/dev/ocr_eval_paper/TextEval_1.5/rest/00680334.gt.xml.txt,/home/cnd/tmp/dev/ocr_eval_paper/TextEval_1.5/rest/00680334-00232201.gt4hist.xml.txt,,,,"e in verſ","0065,0020,0069,006e,0020,0076,0065,0072,017f","","","none","1"
/home/cnd/tmp/dev/ocr_eval_paper/TextEval_1.5/rest/00680334.gt.xml.txt,/home/cnd/tmp/dev/ocr_eval_paper/TextEval_1.5/rest/00680334-00232201.gt4hist.xml.txt,,,,"en Fahrniſ⸗","0065,006e,0020,0046,0061,0068,0072,006e,0069,017f,2e17","","","none","1"
/home/cnd/tmp/dev/ocr_eval_paper/TextEval_1.5/rest/00680334.gt.xml.txt,/home/cnd/tmp/dev/ocr_eval_paper/TextEval_1.5/rest/00680334-00232201.gt4hist.xml.txt,,,,"h","0068","H","0048","misrecognised","1"
/home/cnd/tmp/dev/ocr_eval_paper/TextEval_1.5/rest/00680334.gt.xml.txt,/home/cnd/tmp/dev/ocr_eval_paper/TextEval_1.5/rest/00680334-00232201.gt4hist.xml.txt,,,,"ä","00e4,f502","ach","0061,0063,0068","misrecognised","1"
/home/cnd/tmp/dev/ocr_eval_paper/TextEval_1.5/rest/00680334.gt.xml.txt,/home/cnd/tmp/dev/ocr_eval_paper/TextEval_1.5/rest/00680334-00232201.gt4hist.xml.txt,,,,"w","0077","","","none","1"
/home/cnd/tmp/dev/ocr_eval_paper/TextEval_1.5/rest/00680334.gt.xml.txt,/home/cnd/tmp/dev/ocr_eval_paper/TextEval_1.5/rest/00680334-00232201.gt4hist.xml.txt,,,,"ü","00fc","u","0075","misrecognised","4"
/home/cnd/tmp/dev/ocr_eval_paper/TextEval_1.5/rest/00680334.gt.xml.txt,/home/cnd/tmp/dev/ocr_eval_paper/TextEval_1.5/rest/00680334-00232201.gt4hist.xml.txt,,,,"us","eada,0075,eec4,0073","ſc⸗","017f,0063,2e17","misrecognised","1"
/home/cnd/tmp/dev/ocr_eval_paper/TextEval_1.5/rest/00680334.gt.xml.txt,/home/cnd/tmp/dev/ocr_eval_paper/TextEval_1.5/rest/00680334-00232201.gt4hist.xml.txt,,,,"in ","0069,006e,0020","","","none","1"
/home/cnd/tmp/dev/ocr_eval_paper/TextEval_1.5/rest/00680334.gt.xml.txt,/home/cnd/tmp/dev/ocr_eval_paper/TextEval_1.5/rest/00680334-00232201.gt4hist.xml.txt,,,,"aar","0061,0061,0072","","","none","1"
/home/cnd/tmp/dev/ocr_eval_paper/TextEval_1.5/rest/00680334.gt.xml.txt,/home/cnd/tmp/dev/ocr_eval_paper/TextEval_1.5/rest/00680334-00232201.gt4hist.xml.txt,,,,". ","002e,0020,eada","eſt","0065,017f,0074","misrecognised","1"
/home/cnd/tmp/dev/ocr_eval_paper/TextEval_1.5/rest/00680334.gt.xml.txt,/home/cnd/tmp/dev/ocr_eval_paper/TextEval_1.5/rest/00680334-00232201.gt4hist.xml.txt,,,,"
La","000a,004c,0061","","","none","1"
/home/cnd/tmp/dev/ocr_eval_paper/TextEval_1.5/rest/00680334.gt.xml.txt,/home/cnd/tmp/dev/ocr_eval_paper/TextEval_1.5/rest/00680334-00232201.gt4hist.xml.txt,,,,"Ur","0055,0072","lit","006c,0069,0074","misrecognised","1"
/home/cnd/tmp/dev/ocr_eval_paper/TextEval_1.5/rest/00680334.gt.xml.txt,/home/cnd/tmp/dev/ocr_eval_paper/TextEval_1.5/rest/00680334-00232201.gt4hist.xml.txt,,,,"ungen 2c.","0075,006e,0067,0065,006e,0020,0032,0063,002e","","","none","1"
/home/cnd/tmp/dev/ocr_eval_paper/TextEval_1.5/rest/00680334.gt.xml.txt,/home/cnd/tmp/dev/ocr_eval_paper/TextEval_1.5/rest/00680334-00232201.gt4hist.xml.txt,,,,"allzeit ","0061,006c,006c,007a,0065,0069,0074,0020","","","none","1"
/home/cnd/tmp/dev/ocr_eval_paper/TextEval_1.5/rest/00680334.gt.xml.txt,/home/cnd/tmp/dev/ocr_eval_paper/TextEval_1.5/rest/00680334-00232201.gt4hist.xml.txt,,,,"r","0072","c","0063","misrecognised","1"
/home/cnd/tmp/dev/ocr_eval_paper/TextEval_1.5/rest/00680334.gt.xml.txt,/home/cnd/tmp/dev/ocr_eval_paper/TextEval_1.5/rest/00680334-00232201.gt4hist.xml.txt,,,,"v","0076","r","0072","misrecognised","1"
/home/cnd/tmp/dev/ocr_eval_paper/TextEval_1.5/rest/00680334.gt.xml.txt,/home/cnd/tmp/dev/ocr_eval_paper/TextEval_1.5/rest/00680334-00232201.gt4hist.xml.txt,,,,"h","0068","","","miss","1"
/home/cnd/tmp/dev/ocr_eval_paper/TextEval_1.5/rest/00680334.gt.xml.txt,/home/cnd/tmp/dev/ocr_eval_paper/TextEval_1.5/rest/00680334-00232201.gt4hist.xml.txt,,,,"run","0072,0075,006e","li","006c,0069","misrecognised","1"
/home/cnd/tmp/dev/ocr_eval_paper/TextEval_1.5/rest/00680334.gt.xml.txt,/home/cnd/tmp/dev/ocr_eval_paper/TextEval_1.5/rest/00680334-00232201.gt4hist.xml.txt,,,,"","eada","kt","006b,0074","misrecognised","1"
/home/cnd/tmp/dev/ocr_eval_paper/TextEval_1.5/rest/00680334.gt.xml.txt,/home/cnd/tmp/dev/ocr_eval_paper/TextEval_1.5/rest/00680334-00232201.gt4hist.xml.txt,,,,"ß","00df","tz","0074,007a","misrecognised","1"
/home/cnd/tmp/dev/ocr_eval_paper/TextEval_1.5/rest/00680334.gt.xml.txt,/home/cnd/tmp/dev/ocr_eval_paper/TextEval_1.5/rest/00680334-00232201.gt4hist.xml.txt,,,,"i","0069","r","0072","misrecognised","1"
/home/cnd/tmp/dev/ocr_eval_paper/TextEval_1.5/rest/00680334.gt.xml.txt,/home/cnd/tmp/dev/ocr_eval_paper/TextEval_1.5/rest/00680334-00232201.gt4hist.xml.txt,,,,"en","0065,006e","","","none","1"
/home/cnd/tmp/dev/ocr_eval_paper/TextEval_1.5/rest/00680334.gt.xml.txt,/home/cnd/tmp/dev/ocr_eval_paper/TextEval_1.5/rest/00680334-00232201.gt4hist.xml.txt,,,,"⸗","f502,2e17","ch ","0063,0068,0020","misrecognised","1"
/home/cnd/tmp/dev/ocr_eval_paper/TextEval_1.5/rest/00680334.gt.xml.txt,/home/cnd/tmp/dev/ocr_eval_paper/TextEval_1.5/rest/00680334-00232201.gt4hist.xml.txt,,,,"e","0065","é","00e9","misrecognised","1"
/home/cnd/tmp/dev/ocr_eval_paper/TextEval_1.5/rest/00680334.gt.xml.txt,/home/cnd/tmp/dev/ocr_eval_paper/TextEval_1.5/rest/00680334-00232201.gt4hist.xml.txt,,,," ","0020","r","0072","misrecognised","2"
/home/cnd/tmp/dev/ocr_eval_paper/TextEval_1.5/rest/00680334.gt.xml.txt,/home/cnd/tmp/dev/ocr_eval_paper/TextEval_1.5/rest/00680334-00232201.gt4hist.xml.txt,,,,"r","f502,0072","cht","0063,0068,0074","misrecognised","1"
/home/cnd/tmp/dev/ocr_eval_paper/TextEval_1.5/rest/00680334.gt.xml.txt,/home/cnd/tmp/dev/ocr_eval_paper/TextEval_1.5/rest/00680334-00232201.gt4hist.xml.txt,,,,"au","0061,0075","","","none","1"
/home/cnd/tmp/dev/ocr_eval_paper/TextEval_1.5/rest/00680334.gt.xml.txt,/home/cnd/tmp/dev/ocr_eval_paper/TextEval_1.5/rest/00680334-00232201.gt4hist.xml.txt,,,,"ä","f502,00e4,eedc","chaͤtz","0063,0068,0061,0364,0074,007a","misrecognised","1"
/home/cnd/tmp/dev/ocr_eval_paper/TextEval_1.5/rest/00680334.gt.xml.txt,/home/cnd/tmp/dev/ocr_eval_paper/TextEval_1.5/rest/00680334-00232201.gt4hist.xml.txt,,,,"
an","000a,0061,006e","","","none","1"
/home/cnd/tmp/dev/ocr_eval_paper/TextEval_1.5/rest/00680334.gt.xml.txt,/home/cnd/tmp/dev/ocr_eval_paper/TextEval_1.5/rest/00680334-00232201.gt4hist.xml.txt,,,,"rde","0072,0064,0065","","","none","1"
/home/cnd/tmp/dev/ocr_eval_paper/TextEval_1.5/rest/00680334.gt.xml.txt,/home/cnd/tmp/dev/ocr_eval_paper/TextEval_1.5/rest/00680334-00232201.gt4hist.xml.txt,,,,"","eada","rſt","0072,017f,0074","misrecognised","1"
/home/cnd/tmp/dev/ocr_eval_paper/TextEval_1.5/rest/00680334.gt.xml.txt,/home/cnd/tmp/dev/ocr_eval_paper/TextEval_1.5/rest/00680334-00232201.gt4hist.xml.txt,,,,"","eada","l","006c","misrecognised","1"
/home/cnd/tmp/dev/ocr_eval_paper/TextEval_1.5/rest/00680334.gt.xml.txt,/home/cnd/tmp/dev/ocr_eval_paper/TextEval_1.5/rest/00680334-00232201.gt4hist.xml.txt,,,,".","002e"," — 
Soblach den 1* Atadait 1812. 1 
Hueber oben 
/home/cnd/tmp/dev/ocr_eval_paper/TextEval_1.5/rest/00680334.gt.xml.txt,/home/cnd/tmp/dev/ocr_eval_paper/TextEval_1.5/rest/00680334-00232201.gt4hist.xml.txt,,,,"o","006f","","","none","2"
/home/cnd/tmp/dev/ocr_eval_paper/TextEval_1.5/rest/00680334.gt.xml.txt,/home/cnd/tmp/dev/ocr_eval_paper/TextEval_1.5/rest/00680334-00232201.gt4hist.xml.txt,,,,"t.","0074,002e","","","none","3"
/home/cnd/tmp/dev/ocr_eval_paper/TextEval_1.5/rest/00680334.gt.xml.txt,/home/cnd/tmp/dev/ocr_eval_paper/TextEval_1.5/rest/00680334-00232201.gt4hist.xml.txt,,,,". ","002e,0020","","","none","8"
/home/cnd/tmp/dev/ocr_eval_paper/TextEval_1.5/rest/00680334.gt.xml.txt,/home/cnd/tmp/dev/ocr_eval_paper/TextEval_1.5/rest/00680334-00232201.gt4hist.xml.txt,,,,"beﬁ","0062,0065,fb01","d","0064","misrecognised","1"
/home/cnd/tmp/dev/ocr_eval_paper/TextEval_1.5/rest/00680334.gt.xml.txt,/home/cnd/tmp/dev/ocr_eval_paper/TextEval_1.5/rest/00680334-00232201.gt4hist.xml.txt,,,,"dli","0064,006c,0069,f502","","","miss","1"
/home/cnd/tmp/dev/ocr_eval_paper/TextEval_1.5/rest/00680334.gt.xml.txt,/home/cnd/tmp/dev/ocr_eval_paper/TextEval_1.5/rest/00680334-00232201.gt4hist.xml.txt,,,,"Gealt","0047,0065,eada,0061,006c,0074","—","2014","misrecognised","1"
/home/cnd/tmp/dev/ocr_eval_paper/TextEval_1.5/rest/00680334.gt.xml.txt,/home/cnd/tmp/dev/ocr_eval_paper/TextEval_1.5/rest/00680334-00232201.gt4hist.xml.txt,,,,"m⸗","006d,2e17","","","none","1"
/home/cnd/tmp/dev/ocr_eval_paper/TextEval_1.5/rest/00680334.gt.xml.txt,/home/cnd/tmp/dev/ocr_eval_paper/TextEval_1.5/rest/00680334-00232201.gt4hist.xml.txt,,,," kraft ","0020,006b,0072,0061,0066,0074,0020","","","none","1"
/home/cnd/tmp/dev/ocr_eval_paper/TextEval_1.5/rest/00680334.gt.xml.txt,/home/cnd/tmp/dev/ocr_eval_paper/TextEval_1.5/rest/00680334-00232201.gt4hist.xml.txt,,,," dieſe ","0020,0064,0069,0065,017f,0065,0020","","","none","1"
/home/cnd/tmp/dev/ocr_eval_paper/TextEval_1.5/rest/00680334.gt.xml.txt,/home/cnd/tmp/dev/ocr_eval_paper/TextEval_1.5/rest/00680334-00232201.gt4hist.xml.txt,,,,"e geſe","0065,0020,0067,0065,017f,0065","","","none","1"
/home/cnd/tmp/dev/ocr_eval_paper/TextEval_1.5/rest/00680334.gt.xml.txt,/home/cnd/tmp/dev/ocr_eval_paper/TextEval_1.5/rest/00680334-00232201.gt4hist.xml.txt,,,," ein","0020,0065,0069,006e","","","none","1"
/home/cnd/tmp/dev/ocr_eval_paper/TextEval_1.5/rest/00680334.gt.xml.txt,/home/cnd/tmp/dev/ocr_eval_paper/TextEval_1.5/rest/00680334-00232201.gt4hist.xml.txt,,,,"t ","0074,0020","","","none","1"
/home/cnd/tmp/dev/ocr_eval_paper/TextEval_1.5/rest/00680334.gt.xml.txt,/home/cnd/tmp/dev/ocr_eval_paper/TextEval_1.5/rest/00680334-00232201.gt4hist.xml.txt,,,,"o","006f","O","004f","misrecognised","1"
/home/cnd/tmp/dev/ocr_eval_paper/TextEval_1.5/rest/00680334.gt.xml.txt,/home/cnd/tmp/dev/ocr_eval_paper/TextEval_1.5/rest/00680334-00232201.gt4hist.xml.txt,,,," wenn","0020,0077,0065,006e,006e","","","none","1"
/home/cnd/tmp/dev/ocr_eval_paper/TextEval_1.5/rest/00680334.gt.xml.txt,/home/cnd/tmp/dev/ocr_eval_paper/TextEval_1.5/rest/00680334-00232201.gt4hist.xml.txt,,,,"⸗","2e17","","","none","5"
/home/cnd/tmp/dev/ocr_eval_paper/TextEval_1.5/rest/00680334.gt.xml.txt,/home/cnd/tmp/dev/ocr_eval_paper/TextEval_1.5/rest/00680334-00232201.gt4hist.xml.txt,,,,"rden.","0072,0064,0065,006e,002e","","","none","2"
/home/cnd/tmp/dev/ocr_eval_paper/TextEval_1.5/rest/00680334.gt.xml.txt,/home/cnd/tmp/dev/ocr_eval_paper/TextEval_1.5/rest/00680334-00232201.gt4hist.xml.txt,,,,"lei","006c,0065,0069","","","none","1"
/home/cnd/tmp/dev/ocr_eval_paper/TextEval_1.5/rest/00680334.gt.xml.txt,/home/cnd/tmp/dev/ocr_eval_paper/TextEval_1.5/rest/00680334-00232201.gt4hist.xml.txt,,,,"
ſen Zerſ","000a,017f,0065,006e,0020,005a,0065,0072,017f","","","none","1"
/home/cnd/tmp/dev/ocr_eval_paper/TextEval_1.5/rest/00680334.gt.xml.txt,/home/cnd/tmp/dev/ocr_eval_paper/TextEval_1.5/rest/00680334-00232201.gt4hist.xml.txt,,,," oder Be","0020,006f,0064,0065,0072,0020,0042,0065","","","none","1"
/home/cnd/tmp/dev/ocr_eval_paper/TextEval_1.5/rest/00680334.gt.xml.txt,/home/cnd/tmp/dev/ocr_eval_paper/TextEval_1.5/rest/00680334-00232201.gt4hist.xml.txt,,,,"s","0073","d","0064","misrecognised","1"
/home/cnd/tmp/dev/ocr_eval_paper/TextEval_1.5/rest/00680334.gt.xml.txt,/home/cnd/tmp/dev/ocr_eval_paper/TextEval_1.5/rest/00680334-00232201.gt4hist.xml.txt,,,,"
ten Ma","000a,0074,0065,006e,0020,004d,0061","","","none","1"
/home/cnd/tmp/dev/ocr_eval_paper/TextEval_1.5/rest/00680334.gt.xml.txt,/home/cnd/tmp/dev/ocr_eval_paper/TextEval_1.5/rest/00680334-00232201.gt4hist.xml.txt,,,,"en⸗","0065,006e,2e17","","","none","1"
/home/cnd/tmp/dev/ocr_eval_paper/TextEval_1.5/rest/00680334.gt.xml.txt,/home/cnd/tmp/dev/ocr_eval_paper/TextEval_1.5/rest/00680334-00232201.gt4hist.xml.txt,,,,"s, und u","0073,002c,0020,0075,006e,0064,0020,0075","","","none","1"
/home/cnd/tmp/dev/ocr_eval_paper/TextEval_1.5/rest/00680334.gt.xml.txt,/home/cnd/tmp/dev/ocr_eval_paper/TextEval_1.5/rest/00680334-00232201.gt4hist.xml.txt,,,,"⸗","2e17","— ","2014,0020","misrecognised","2"
/home/cnd/tmp/dev/ocr_eval_paper/TextEval_1.5/rest/00680334.gt.xml.txt,/home/cnd/tmp/dev/ocr_eval_paper/TextEval_1.5/rest/00680334-00232201.gt4hist.xml.txt,,,,"u","0075","ti","0074,0069","misrecognised","1"
/home/cnd/tmp/dev/ocr_eval_paper/TextEval_1.5/rest/00680334.gt.xml.txt,/home/cnd/tmp/dev/ocr_eval_paper/TextEval_1.5/rest/00680334-00232201.gt4hist.xml.txt,,,,"s","0073","","","none","3"
/home/cnd/tmp/dev/ocr_eval_paper/TextEval_1.5/rest/00680334.gt.xml.txt,/home/cnd/tmp/dev/ocr_eval_paper/TextEval_1.5/rest/00680334-00232201.gt4hist.xml.txt,,,,"9","0039","2","0032","misrecognised","1"
/home/cnd/tmp/dev/ocr_eval_paper/TextEval_1.5/rest/00680334.gt.xml.txt,/home/cnd/tmp/dev/ocr_eval_paper/TextEval_1.5/rest/00680334-00232201.gt4hist.xml.txt,,,,"mm","006d,006d","","","none","1"
/home/cnd/tmp/dev/ocr_eval_paper/TextEval_1.5/rest/00680334.gt.xml.txt,/home/cnd/tmp/dev/ocr_eval_paper/TextEval_1.5/rest/00680334-00232201.gt4hist.xml.txt,,,," ſo","0020,017f,006f","","","none","1"
/home/cnd/tmp/dev/ocr_eval_paper/TextEval_1.5/rest/00680334.gt.xml.txt,/home/cnd/tmp/dev/ocr_eval_paper/TextEval_1.5/rest/00680334-00232201.gt4hist.xml.txt,,,,"ei⸗","0065,0069,2e17","","","none","1"
/home/cnd/tmp/dev/ocr_eval_paper/TextEval_1.5/rest/00680334.gt.xml.txt,/home/cnd/tmp/dev/ocr_eval_paper/TextEval_1.5/rest/00680334-00232201.gt4hist.xml.txt,,,,"1. Augu","0031,002e,0020,0041,0075,0067,0075","","","none","1"
/home/cnd/tmp/dev/ocr_eval_paper/TextEval_1.5/rest/00680334.gt.xml.txt,/home/cnd/tmp/dev/ocr_eval_paper/TextEval_1.5/rest/00680334-00232201.gt4hist.xml.txt,,,,"
3","000a,0033"," 
3 —","0020,000a,0033,0020,2014","none","1"
/home/cnd/tmp/dev/ocr_eval_paper/TextEval_1.5/rest/00680334.gt.xml.txt,/home/cnd/tmp/dev/ocr_eval_paper/TextEval_1.5/rest/00680334-00232201.gt4hist.xml.txt,,,,"andesf","0061,006e,0064,0065,0073,0066","","","none","1"
/home/cnd/tmp/dev/ocr_eval_paper/TextEval_1.5/rest/00680334.gt.xml.txt,/home/cnd/tmp/dev/ocr_eval_paper/TextEval_1.5/rest/00680334-00232201.gt4hist.xml.txt,,,,".","002e","","","none","6"
/home/cnd/tmp/dev/ocr_eval_paper/TextEval_1.5/rest/00680334.gt.xml.txt,/home/cnd/tmp/dev/ocr_eval_paper/TextEval_1.5/rest/00680334-00232201.gt4hist.xml.txt,,,,"t: Es h","0074,003a,0020,0045,0073,0020,0068","","","none","1"
/home/cnd/tmp/dev/ocr_eval_paper/TextEval_1.5/rest/00680334.gt.xml.txt,/home/cnd/tmp/dev/ocr_eval_paper/TextEval_1.5/rest/00680334-00232201.gt4hist.xml.txt,,,,"
A","000a,0041","","","none","1"
/home/cnd/tmp/dev/ocr_eval_paper/TextEval_1.5/rest/00680334.gt.xml.txt,/home/cnd/tmp/dev/ocr_eval_paper/TextEval_1.5/rest/00680334-00232201.gt4hist.xml.txt,,,,"t","0074","c","0063","misrecognised","1"
/home/cnd/tmp/dev/ocr_eval_paper/TextEval_1.5/rest/00680334.gt.xml.txt,/home/cnd/tmp/dev/ocr_eval_paper/TextEval_1.5/rest/00680334-00232201.gt4hist.xml.txt,,,,"bru","0062,0072,0075","","","none","1"
/home/cnd/tmp/dev/ocr_eval_paper/TextEval_1.5/rest/00680334.gt.xml.txt,/home/cnd/tmp/dev/ocr_eval_paper/TextEval_1.5/rest/00680334-00232201.gt4hist.xml.txt,,,,"s","0073","rt","0072,0074","misrecognised","1"
/home/cnd/tmp/dev/ocr_eval_paper/TextEval_1.5/rest/00680334.gt.xml.txt,/home/cnd/tmp/dev/ocr_eval_paper/TextEval_1.5/rest/00680334-00232201.gt4hist.xml.txt,,,,"rklä","0072,006b,006c,00e4","","","miss","1"
/home/cnd/tmp/dev/ocr_eval_paper/TextEval_1.5/rest/00680334.gt.xml.txt,/home/cnd/tmp/dev/ocr_eval_paper/TextEval_1.5/rest/00680334-00232201.gt4hist.xml.txt,,,,"﻿�","feff,fffd","e","0065","misrecognised","1"
/home/cnd/tmp/dev/ocr_eval_paper/TextEval_1.5/rest/00680334.gt.xml.txt,/home/cnd/tmp/dev/ocr_eval_paper/TextEval_1.5/rest/00680334-00232201.gt4hist.xml.txt,,,," und J","0020,0075,006e,0064,0020,004a","","","none","1"
/home/cnd/tmp/dev/ocr_eval_paper/TextEval_1.5/rest/00680334.gt.xml.txt,/home/cnd/tmp/dev/ocr_eval_paper/TextEval_1.5/rest/00680334-00232201.gt4hist.xml.txt,,,,"n Rup⸗","006e,0020,0052,0075,0070,2e17","","","none","1"
/home/cnd/tmp/dev/ocr_eval_paper/TextEval_1.5/rest/00680334.gt.xml.txt,/home/cnd/tmp/dev/ocr_eval_paper/TextEval_1.5/rest/00680334-00232201.gt4hist.xml.txt,,,,"t i","0074,0020,0069","","","none","1"
/home/cnd/tmp/dev/ocr_eval_paper/TextEval_1.5/rest/00680334.gt.xml.txt,/home/cnd/tmp/dev/ocr_eval_paper/TextEval_1.5/rest/00680334-00232201.gt4hist.xml.txt,,,,"s gegenwärtigen Edi","0073,0020,0067,0065,0067,0065,006e,0077,00e4,0072,0074,0069,0067,0065,006e,0020,0045,0064,0069","","","none","1"
/home/cnd/tmp/dev/ocr_eval_paper/TextEval_1.5/rest/00680334.gt.xml.txt,/home/cnd/tmp/dev/ocr_eval_paper/TextEval_1.5/rest/00680334-00232201.gt4hist.xml.txt,,,,"hren hierorts be","0068,0072,0065,006e,0020,0068,0069,0065,0072,006f,0072,0074,0073,0020,0062,0065","","","none","1"
/home/cnd/tmp/dev/ocr_eval_paper/TextEval_1.5/rest/00680334.gt.xml.txt,/home/cnd/tmp/dev/ocr_eval_paper/TextEval_1.5/rest/00680334-00232201.gt4hist.xml.txt,,,,"
es ſeye auf An","000a,0065,0073,0020,017f,0065,0079,0065,0020,0061,0075,0066,0020,0041,006e","","","none","1"
/home/cnd/tmp/dev/ocr_eval_paper/TextEval_1.5/rest/00680334.gt.xml.txt,/home/cnd/tmp/dev/ocr_eval_paper/TextEval_1.5/rest/00680334-00232201.gt4hist.xml.txt,,,,"lgender Gant⸗","006c,0067,0065,006e,0064,0065,0072,0020,0047,0061,006e,0074,2e17","","","none","1"
/home/cnd/tmp/dev/ocr_eval_paper/TextEval_1.5/rest/00680334.gt.xml.txt,/home/cnd/tmp/dev/ocr_eval_paper/TextEval_1.5/rest/00680334-00232201.gt4hist.xml.txt,,,,",","eada,002c","ſt","017f,0074","misrecognised","1"
/home/cnd/tmp/dev/ocr_eval_paper/TextEval_1.5/rest/00680334.gt.xml.txt,/home/cnd/tmp/dev/ocr_eval_paper/TextEval_1.5/rest/00680334-00232201.gt4hist.xml.txt,,,,"v","0076","","","none","1"
/home/cnd/tmp/dev/ocr_eval_paper/TextEval_1.5/rest/00680334.gt.xml.txt,/home/cnd/tmp/dev/ocr_eval_paper/TextEval_1.5/rest/00680334-00232201.gt4hist.xml.txt,,,,"edo","0065,0064,006f","","","none","1"
/home/cnd/tmp/dev/ocr_eval_paper/TextEval_1.5/rest/00680334.gt.xml.txt,/home/cnd/tmp/dev/ocr_eval_paper/TextEval_1.5/rest/00680334-00232201.gt4hist.xml.txt,,,,"
ſenam","000a,017f,0065,006e,0061,006d","","","none","1"
/home/cnd/tmp/dev/ocr_eval_paper/TextEval_1.5/rest/00680334.gt.xml.txt,/home/cnd/tmp/dev/ocr_eval_paper/TextEval_1.5/rest/00680334-00232201.gt4hist.xml.txt,,,,"A","0041","U","0055","misrecognised","1"
/home/cnd/tmp/dev/ocr_eval_paper/TextEval_1.5/rest/00680334.gt.xml.txt,/home/cnd/tmp/dev/ocr_eval_paper/TextEval_1.5/rest/00680334-00232201.gt4hist.xml.txt,,,,"zä","007a,00e4","ga","0067,0061","misrecognised","1"
/home/cnd/tmp/dev/ocr_eval_paper/TextEval_1.5/rest/00680334.gt.xml.txt,/home/cnd/tmp/dev/ocr_eval_paper/TextEval_1.5/rest/00680334-00232201.gt4hist.xml.txt,,,,"r. ordin","0072,002e,0020,006f,0072,0064,0069,006e","","","none","1"
/home/cnd/tmp/dev/ocr_eval_paper/TextEval_1.5/rest/00680334.gt.xml.txt,/home/cnd/tmp/dev/ocr_eval_paper/TextEval_1.5/rest/00680334-00232201.gt4hist.xml.txt,,,,". Gewerb","002e,0020,0047,0065,0077,0065,0072,0062","","","none","1"
/home/cnd/tmp/dev/ocr_eval_paper/TextEval_1.5/rest/00680334.gt.xml.txt,/home/cnd/tmp/dev/ocr_eval_paper/TextEval_1.5/rest/00680334-00232201.gt4hist.xml.txt,,,,"e der ","0065,0020,0064,0065,0072,0020","","","none","1"
/home/cnd/tmp/dev/ocr_eval_paper/TextEval_1.5/rest/00680334.gt.xml.txt,/home/cnd/tmp/dev/ocr_eval_paper/TextEval_1.5/rest/00680334-00232201.gt4hist.xml.txt,,,,"zum","007a,0075,006d","— ","2014,0020","misrecognised","1"
/home/cnd/tmp/dev/ocr_eval_paper/TextEval_1.5/rest/00680334.gt.xml.txt,/home/cnd/tmp/dev/ocr_eval_paper/TextEval_1.5/rest/00680334-00232201.gt4hist.xml.txt,,,," oder dur","0020,006f,0064,0065,0072,0020,0064,0075,0072","","","none","1"
/home/cnd/tmp/dev/ocr_eval_paper/TextEval_1.5/rest/00680334.gt.xml.txt,/home/cnd/tmp/dev/ocr_eval_paper/TextEval_1.5/rest/00680334-00232201.gt4hist.xml.txt,,,,"rgſ","0072,0067,017f","","","none","1"
/home/cnd/tmp/dev/ocr_eval_paper/TextEval_1.5/rest/00680334.gt.xml.txt,/home/cnd/tmp/dev/ocr_eval_paper/TextEval_1.5/rest/00680334-00232201.gt4hist.xml.txt,,,,"fü","0066,00fc","lu","006c,0075","misrecognised","1"
/home/cnd/tmp/dev/ocr_eval_paper/TextEval_1.5/rest/00680334.gt.xml.txt,/home/cnd/tmp/dev/ocr_eval_paper/TextEval_1.5/rest/00680334-00232201.gt4hist.xml.txt,,,,"h ange⸗","0068,0020,0061,006e,0067,0065,2e17","","","none","1"
/home/cnd/tmp/dev/ocr_eval_paper/TextEval_1.5/rest/00680334.gt.xml.txt,/home/cnd/tmp/dev/ocr_eval_paper/TextEval_1.5/rest/00680334-00232201.gt4hist.xml.txt,,,,"lli ange","006c,006c,0069,0020,0061,006e,0067,0065","","","none","1"
/home/cnd/tmp/dev/ocr_eval_paper/TextEval_1.5/rest/00680334.gt.xml.txt,/home/cnd/tmp/dev/ocr_eval_paper/TextEval_1.5/rest/00680334-00232201.gt4hist.xml.txt,,,,"4 p","0034,0020,0070","","","none","1"
/home/cnd/tmp/dev/ocr_eval_paper/TextEval_1.5/rest/00680334.gt.xml.txt,/home/cnd/tmp/dev/ocr_eval_paper/TextEval_1.5/rest/00680334-00232201.gt4hist.xml.txt,,,,"
na","000a,006e,0061","","","none","1"
/home/cnd/tmp/dev/ocr_eval_paper/TextEval_1.5/rest/00680334.gt.xml.txt,/home/cnd/tmp/dev/ocr_eval_paper/TextEval_1.5/rest/00680334-00232201.gt4hist.xml.txt,,,,"ner ","006e,0065,0072,0020","","","none","1"
/home/cnd/tmp/dev/ocr_eval_paper/TextEval_1.5/rest/00680334.gt.xml.txt,/home/cnd/tmp/dev/ocr_eval_paper/TextEval_1.5/rest/00680334-00232201.gt4hist.xml.txt,,,," Au","0020,0041,0075","","","none","2"
/home/cnd/tmp/dev/ocr_eval_paper/TextEval_1.5/rest/00680334.gt.xml.txt,/home/cnd/tmp/dev/ocr_eval_paper/TextEval_1.5/rest/00680334-00232201.gt4hist.xml.txt,,,,"g","0067","d","0064","misrecognised","1"
/home/cnd/tmp/dev/ocr_eval_paper/TextEval_1.5/rest/00680334.gt.xml.txt,/home/cnd/tmp/dev/ocr_eval_paper/TextEval_1.5/rest/00680334-00232201.gt4hist.xml.txt,,,,"
4. Muß","000a,0034,002e,0020,004d,0075,00df","","","none","1"
/home/cnd/tmp/dev/ocr_eval_paper/TextEval_1.5/rest/00680334.gt.xml.txt,/home/cnd/tmp/dev/ocr_eval_paper/TextEval_1.5/rest/00680334-00232201.gt4hist.xml.txt,,,,"gen, oh⸗","0067,0065,006e,002c,0020,006f,0068,2e17","","","none","1"
/home/cnd/tmp/dev/ocr_eval_paper/TextEval_1.5/rest/00680334.gt.xml.txt,/home/cnd/tmp/dev/ocr_eval_paper/TextEval_1.5/rest/00680334-00232201.gt4hist.xml.txt,,,,"ungszeit","0075,006e,0067,0073,007a,0065,0069,0074","","","none","1"
/home/cnd/tmp/dev/ocr_eval_paper/TextEval_1.5/rest/00680334.gt.xml.txt,/home/cnd/tmp/dev/ocr_eval_paper/TextEval_1.5/rest/00680334-00232201.gt4hist.xml.txt,,,,"eht","0065,0068,0074","","","none","1"
/home/cnd/tmp/dev/ocr_eval_paper/TextEval_1.5/rest/00680334.gt.xml.txt,/home/cnd/tmp/dev/ocr_eval_paper/TextEval_1.5/rest/00680334-00232201.gt4hist.xml.txt,,,,"
Ge","000a,0047,0065","","","none","1"
/home/cnd/tmp/dev/ocr_eval_paper/TextEval_1.5/rest/00680334.gt.xml.txt,/home/cnd/tmp/dev/ocr_eval_paper/TextEval_1.5/rest/00680334-00232201.gt4hist.xml.txt,,,,"eigerung au","0065,0069,0067,0065,0072,0075,006e,0067,0020,0061,0075","","","none","1"
/home/cnd/tmp/dev/ocr_eval_paper/TextEval_1.5/rest/00680334.gt.xml.txt,/home/cnd/tmp/dev/ocr_eval_paper/TextEval_1.5/rest/00680334-00232201.gt4hist.xml.txt,,,,"ions","0069,006f,006e,0073","","","none","1"
/home/cnd/tmp/dev/ocr_eval_paper/TextEval_1.5/rest/00680334.gt.xml.txt,/home/cnd/tmp/dev/ocr_eval_paper/TextEval_1.5/rest/00680334-00232201.gt4hist.xml.txt,,,,"tungs⸗","0074,0075,006e,0067,0073,2e17","","","none","1"
/home/cnd/tmp/dev/ocr_eval_paper/TextEval_1.5/rest/00680334.gt.xml.txt,/home/cnd/tmp/dev/ocr_eval_paper/TextEval_1.5/rest/00680334-00232201.gt4hist.xml.txt,,,,"s","0073","ß","00df","misrecognised","1"
/home/cnd/tmp/dev/ocr_eval_paper/TextEval_1.5/rest/00680334.gt.xml.txt,/home/cnd/tmp/dev/ocr_eval_paper/TextEval_1.5/rest/00680334-00232201.gt4hist.xml.txt,,,,"m","006d","ni","006e,0069","misrecognised","1"
/home/cnd/tmp/dev/ocr_eval_paper/TextEval_1.5/rest/00680334.gt.xml.txt,/home/cnd/tmp/dev/ocr_eval_paper/TextEval_1.5/rest/00680334-00232201.gt4hist.xml.txt,,,," Vormittag 9 ","0020,0056,006f,0072,006d,0069,0074,0074,0061,0067,0020,0039,0020","","","none","1"
/home/cnd/tmp/dev/ocr_eval_paper/TextEval_1.5/rest/00680334.gt.xml.txt,/home/cnd/tmp/dev/ocr_eval_paper/TextEval_1.5/rest/00680334-00232201.gt4hist.xml.txt,,,,"hr die wirkli","0068,0072,0020,0064,0069,0065,0020,0077,0069,0072,006b,006c,0069","","","none","1"
/home/cnd/tmp/dev/ocr_eval_paper/TextEval_1.5/rest/00680334.gt.xml.txt,/home/cnd/tmp/dev/ocr_eval_paper/TextEval_1.5/rest/00680334-00232201.gt4hist.xml.txt,,,,"en, und na","0065,006e,002c,0020,0075,006e,0064,0020,006e,0061","","","none","1"
/home/cnd/tmp/dev/ocr_eval_paper/TextEval_1.5/rest/00680334.gt.xml.txt,/home/cnd/tmp/dev/ocr_eval_paper/TextEval_1.5/rest/00680334-00232201.gt4hist.xml.txt,,,,"ilien,","0069,006c,0069,0065,006e,002c","","","none","1"
/home/cnd/tmp/dev/ocr_eval_paper/TextEval_1.5/rest/00680334.gt.xml.txt,/home/cnd/tmp/dev/ocr_eval_paper/TextEval_1.5/rest/00680334-00232201.gt4hist.xml.txt,,,," und au","0020,0075,006e,0064,0020,0061,0075","","","none","1"
/home/cnd/tmp/dev/ocr_eval_paper/TextEval_1.5/rest/00680334.gt.xml.txt,/home/cnd/tmp/dev/ocr_eval_paper/TextEval_1.5/rest/00680334-00232201.gt4hist.xml.txt,,,,"hrung der B","0068,0072,0075,006e,0067,0020,0064,0065,0072,0020,0042","","","none","1"
/home/cnd/tmp/dev/ocr_eval_paper/TextEval_1.5/rest/00680334.gt.xml.txt,/home/cnd/tmp/dev/ocr_eval_paper/TextEval_1.5/rest/00680334-00232201.gt4hist.xml.txt,,,,"al","0061,006c","di","0064,0069","misrecognised","1"
/home/cnd/tmp/dev/ocr_eval_paper/TextEval_1.5/rest/00680334.gt.xml.txt,/home/cnd/tmp/dev/ocr_eval_paper/TextEval_1.5/rest/00680334-00232201.gt4hist.xml.txt,,,,"d","0064","D","0044","misrecognised","1"
/home/cnd/tmp/dev/ocr_eval_paper/TextEval_1.5/rest/00680334.gt.xml.txt,/home/cnd/tmp/dev/ocr_eval_paper/TextEval_1.5/rest/00680334-00232201.gt4hist.xml.txt,,,,". i","002e,0020,0069","","","none","1"
/home/cnd/tmp/dev/ocr_eval_paper/TextEval_1.5/rest/00680334.gt.xml.txt,/home/cnd/tmp/dev/ocr_eval_paper/TextEval_1.5/rest/00680334-00232201.gt4hist.xml.txt,,,,"b","0062","cc","0063,0063","misrecognised","1"
/home/cnd/tmp/dev/ocr_eval_paper/TextEval_1.5/rest/00680334.gt.xml.txt,/home/cnd/tmp/dev/ocr_eval_paper/TextEval_1.5/rest/00680334-00232201.gt4hist.xml.txt,,,,"rre","0072,0072,0065,eada","ſt","017f,0074","misrecognised","1"
/home/cnd/tmp/dev/ocr_eval_paper/TextEval_1.5/rest/00680334.gt.xml.txt,/home/cnd/tmp/dev/ocr_eval_paper/TextEval_1.5/rest/00680334-00232201.gt4hist.xml.txt,,,,"h","0068","v","0076","misrecognised","1"
/home/cnd/tmp/dev/ocr_eval_paper/TextEval_1.5/rest/00680334.gt.xml.txt,/home/cnd/tmp/dev/ocr_eval_paper/TextEval_1.5/rest/00680334-00232201.gt4hist.xml.txt,,,,"zu ","007a,0075,0020","","","none","1"
/home/cnd/tmp/dev/ocr_eval_paper/TextEval_1.5/rest/00680334.gt.xml.txt,/home/cnd/tmp/dev/ocr_eval_paper/TextEval_1.5/rest/00680334-00232201.gt4hist.xml.txt,,,," r","0020,0072","","","none","1"
/home/cnd/tmp/dev/ocr_eval_paper/TextEval_1.5/rest/00680334.gt.xml.txt,/home/cnd/tmp/dev/ocr_eval_paper/TextEval_1.5/rest/00680334-00232201.gt4hist.xml.txt,,,,"ten, Ste","0074,0065,006e,002c,0020,0053,0074,0065","","","none","1"
/home/cnd/tmp/dev/ocr_eval_paper/TextEval_1.5/rest/00680334.gt.xml.txt,/home/cnd/tmp/dev/ocr_eval_paper/TextEval_1.5/rest/00680334-00232201.gt4hist.xml.txt,,,," we","0020,0077,0065","","","none","3"
/home/cnd/tmp/dev/ocr_eval_paper/TextEval_1.5/rest/00680334.gt.xml.txt,/home/cnd/tmp/dev/ocr_eval_paper/TextEval_1.5/rest/00680334-00232201.gt4hist.xml.txt,,,,"der Ver","0064,0065,0072,0020,0056,0065,0072","","","none","1"
/home/cnd/tmp/dev/ocr_eval_paper/TextEval_1.5/rest/00680334.gt.xml.txt,/home/cnd/tmp/dev/ocr_eval_paper/TextEval_1.5/rest/00680334-00232201.gt4hist.xml.txt,,,,"m","006d","h","0068","misrecognised","1"
/home/cnd/tmp/dev/ocr_eval_paper/TextEval_1.5/rest/00680334.gt.xml.txt,/home/cnd/tmp/dev/ocr_eval_paper/TextEval_1.5/rest/00680334-00232201.gt4hist.xml.txt,,,,"ab","0061,0062","","","miss","1"
/home/cnd/tmp/dev/ocr_eval_paper/TextEval_1.5/rest/00680334.gt.xml.txt,/home/cnd/tmp/dev/ocr_eval_paper/TextEval_1.5/rest/00680334-00232201.gt4hist.xml.txt,,,,"reke","0072,0065,006b,0065,f4f9","tololl","0074,006f,006c,006f,006c,006c","misrecognised","1"
/home/cnd/tmp/dev/ocr_eval_paper/TextEval_1.5/rest/00680334.gt.xml.txt,/home/cnd/tmp/dev/ocr_eval_paper/TextEval_1.5/rest/00680334-00232201.gt4hist.xml.txt,,,,"",""," koͤſ","0020,006b,006f,0364,017f","false detection","1"
/home/cnd/tmp/dev/ocr_eval_paper/TextEval_1.5/rest/00680334.gt.xml.txt,/home/cnd/tmp/dev/ocr_eval_paper/TextEval_1.5/rest/00680334-00232201.gt4hist.xml.txt,,,,"ö","00f6,eba2","","","miss","1"
/home/cnd/tmp/dev/ocr_eval_paper/TextEval_1.5/rest/00680334.gt.xml.txt,/home/cnd/tmp/dev/ocr_eval_paper/TextEval_1.5/rest/00680334-00232201.gt4hist.xml.txt,,,,"zen","007a,0065,006e","—","2014","misrecognised","1"
/home/cnd/tmp/dev/ocr_eval_paper/TextEval_1.5/rest/00680334.gt.xml.txt,/home/cnd/tmp/dev/ocr_eval_paper/TextEval_1.5/rest/00680334-00232201.gt4hist.xml.txt,,,,"","","ti","0074,0069","false detection","1"
/home/cnd/tmp/dev/ocr_eval_paper/TextEval_1.5/rest/00680334.gt.xml.txt,/home/cnd/tmp/dev/ocr_eval_paper/TextEval_1.5/rest/00680334-00232201.gt4hist.xml.txt,,,,".","002e","⸗ ","2e17,0020","misrecognised","1"
/home/cnd/tmp/dev/ocr_eval_paper/TextEval_1.5/rest/00680334.gt.xml.txt,/home/cnd/tmp/dev/ocr_eval_paper/TextEval_1.5/rest/00680334-00232201.gt4hist.xml.txt,,,,"K","004b","— E","2014,0020,0045","misrecognised","1"
/home/cnd/tmp/dev/ocr_eval_paper/TextEval_1.5/rest/00680334.gt.xml.txt,/home/cnd/tmp/dev/ocr_eval_paper/TextEval_1.5/rest/00680334-00232201.gt4hist.xml.txt,,,,"nkurs ⸗","006e,006b,0075,0072,0073,0020,2e17","itic","0069,0074,0069,0063","misrecognised","1"
/home/cnd/tmp/dev/ocr_eval_paper/TextEval_1.5/rest/00680334.gt.xml.txt,/home/cnd/tmp/dev/ocr_eval_paper/TextEval_1.5/rest/00680334-00232201.gt4hist.xml.txt,,,," h","0020,0068","","","none","1"
/home/cnd/tmp/dev/ocr_eval_paper/TextEval_1.5/rest/00680334.gt.xml.txt,/home/cnd/tmp/dev/ocr_eval_paper/TextEval_1.5/rest/00680334-00232201.gt4hist.xml.txt,,,,"c","0063","","","miss","1"
/home/cnd/tmp/dev/ocr_eval_paper/TextEval_1.5/rest/00680334.gt.xml.txt,/home/cnd/tmp/dev/ocr_eval_paper/TextEval_1.5/rest/00680334-00232201.gt4hist.xml.txt,,,,"r","0072","","","none","5"
/home/cnd/tmp/dev/ocr_eval_paper/TextEval_1.5/rest/00680334.gt.xml.txt,/home/cnd/tmp/dev/ocr_eval_paper/TextEval_1.5/rest/00680334-00232201.gt4hist.xml.txt,,,,"St","0053,0074","Ki","004b,0069","misrecognised","1"
/home/cnd/tmp/dev/ocr_eval_paper/TextEval_1.5/rest/00680334.gt.xml.txt,/home/cnd/tmp/dev/ocr_eval_paper/TextEval_1.5/rest/00680334-00232201.gt4hist.xml.txt,,,,"
Kla","000a,004b,006c,0061","","","none","1"
/home/cnd/tmp/dev/ocr_eval_paper/TextEval_1.5/rest/00680334.gt.xml.txt,/home/cnd/tmp/dev/ocr_eval_paper/TextEval_1.5/rest/00680334-00232201.gt4hist.xml.txt,,,," au","0020,0061,0075","","","none","1"
/home/cnd/tmp/dev/ocr_eval_paper/TextEval_1.5/rest/00680334.gt.xml.txt,/home/cnd/tmp/dev/ocr_eval_paper/TextEval_1.5/rest/00680334-00232201.gt4hist.xml.txt,,,,"eb","0065,0062","","","none","1"
/home/cnd/tmp/dev/ocr_eval_paper/TextEval_1.5/rest/00680334.gt.xml.txt,/home/cnd/tmp/dev/ocr_eval_paper/TextEval_1.5/rest/00680334-00232201.gt4hist.xml.txt,,,," ","0020,eba2","ſſi","017f,017f,0069","misrecognised","1"
/home/cnd/tmp/dev/ocr_eval_paper/TextEval_1.5/rest/00680334.gt.xml.txt,/home/cnd/tmp/dev/ocr_eval_paper/TextEval_1.5/rest/00680334-00232201.gt4hist.xml.txt,,,,"s","0073","ig","0069,0067","misrecognised","1"
/home/cnd/tmp/dev/ocr_eval_paper/TextEval_1.5/rest/00680334.gt.xml.txt,/home/cnd/tmp/dev/ocr_eval_paper/TextEval_1.5/rest/00680334-00232201.gt4hist.xml.txt,,,,"g","0067","ä","00e4","misrecognised","1"
/home/cnd/tmp/dev/ocr_eval_paper/TextEval_1.5/rest/00680334.gt.xml.txt,/home/cnd/tmp/dev/ocr_eval_paper/TextEval_1.5/rest/00680334-00232201.gt4hist.xml.txt,,,," die Wahl","0020,0064,0069,0065,0020,0057,0061,0068,006c","","","none","1"
/home/cnd/tmp/dev/ocr_eval_paper/TextEval_1.5/rest/00680334.gt.xml.txt,/home/cnd/tmp/dev/ocr_eval_paper/TextEval_1.5/rest/00680334-00232201.gt4hist.xml.txt,,,,"ä","eada,00e4","ſtaͤ","017f,0074,0061,0364","misrecognised","1"
/home/cnd/tmp/dev/ocr_eval_paper/TextEval_1.5/rest/00680334.gt.xml.txt,/home/cnd/tmp/dev/ocr_eval_paper/TextEval_1.5/rest/00680334-00232201.gt4hist.xml.txt,,,,"ge","0067,0065","","","none","3"
/home/cnd/tmp/dev/ocr_eval_paper/TextEval_1.5/rest/00680334.gt.xml.txt,/home/cnd/tmp/dev/ocr_eval_paper/TextEval_1.5/rest/00680334-00232201.gt4hist.xml.txt,,,,"erwa","0065,0072,0077,0061","","","none","1"
/home/cnd/tmp/dev/ocr_eval_paper/TextEval_1.5/rest/00680334.gt.xml.txt,/home/cnd/tmp/dev/ocr_eval_paper/TextEval_1.5/rest/00680334-00232201.gt4hist.xml.txt,,,,"w","0077","iv","0069,0076","misrecognised","1"
/home/cnd/tmp/dev/ocr_eval_paper/TextEval_1.5/rest/00680334.gt.xml.txt,/home/cnd/tmp/dev/ocr_eval_paper/TextEval_1.5/rest/00680334-00232201.gt4hist.xml.txt,,,,"everm","0065,0076,0065,0072,006d","","","none","1"
/home/cnd/tmp/dev/ocr_eval_paper/TextEval_1.5/rest/00680334.gt.xml.txt,/home/cnd/tmp/dev/ocr_eval_paper/TextEval_1.5/rest/00680334-00232201.gt4hist.xml.txt,,,,"ber die ","0062,0065,0072,0020,0064,0069,0065,0020","","","none","1"
/home/cnd/tmp/dev/ocr_eval_paper/TextEval_1.5/rest/00680334.gt.xml.txt,/home/cnd/tmp/dev/ocr_eval_paper/TextEval_1.5/rest/00680334-00232201.gt4hist.xml.txt,,,,"","eedc","z","007a","misrecognised","1"
/home/cnd/tmp/dev/ocr_eval_paper/TextEval_1.5/rest/00680334.gt.xml.txt,/home/cnd/tmp/dev/ocr_eval_paper/TextEval_1.5/rest/00680334-00232201.gt4hist.xml.txt,,,,"s","0073","e","0065","misrecognised","4"
/home/cnd/tmp/dev/ocr_eval_paper/TextEval_1.5/rest/00680334.gt.xml.txt,/home/cnd/tmp/dev/ocr_eval_paper/TextEval_1.5/rest/00680334-00232201.gt4hist.xml.txt,,,,"","","i","0069","false detection","4"
/home/cnd/tmp/dev/ocr_eval_paper/TextEval_1.5/rest/00680334.gt.xml.txt,/home/cnd/tmp/dev/ocr_eval_paper/TextEval_1.5/rest/00680334-00232201.gt4hist.xml.txt,,,,"b","0062","S","0053","misrecognised","1"
/home/cnd/tmp/dev/ocr_eval_paper/TextEval_1.5/rest/00680334.gt.xml.txt,/home/cnd/tmp/dev/ocr_eval_paper/TextEval_1.5/rest/00680334-00232201.gt4hist.xml.txt,,,,"1","0031","4","0034","misrecognised","1"
/home/cnd/tmp/dev/ocr_eval_paper/TextEval_1.5/rest/00680334.gt.xml.txt,/home/cnd/tmp/dev/ocr_eval_paper/TextEval_1.5/rest/00680334-00232201.gt4hist.xml.txt,,,," 1817.","0020,0031,0038,0031,0037,002e","","","none","2"
/home/cnd/tmp/dev/ocr_eval_paper/TextEval_1.5/rest/00680334.gt.xml.txt,/home/cnd/tmp/dev/ocr_eval_paper/TextEval_1.5/rest/00680334-00232201.gt4hist.xml.txt,,,," Ed","0020,0045,0064","","","none","1"
/home/cnd/tmp/dev/ocr_eval_paper/TextEval_1.5/rest/00680334.gt.xml.txt,/home/cnd/tmp/dev/ocr_eval_paper/TextEval_1.5/rest/00680334-00232201.gt4hist.xml.txt,,,,"﻿�","feff,fffd","u","0075","misrecognised","1"
/home/cnd/tmp/dev/ocr_eval_paper/TextEval_1.5/rest/00680334.gt.xml.txt,/home/cnd/tmp/dev/ocr_eval_paper/TextEval_1.5/rest/00680334-00232201.gt4hist.xml.txt,,,,"w","0077","i","0069","misrecognised","1"
/home/cnd/tmp/dev/ocr_eval_paper/TextEval_1.5/rest/00680334.gt.xml.txt,/home/cnd/tmp/dev/ocr_eval_paper/TextEval_1.5/rest/00680334-00232201.gt4hist.xml.txt,,,,"a","0061","ä","00e4","misrecognised","1"
/home/cnd/tmp/dev/ocr_eval_paper/TextEval_1.5/rest/00680334.gt.xml.txt,/home/cnd/tmp/dev/ocr_eval_paper/TextEval_1.5/rest/00680334-00232201.gt4hist.xml.txt,,,,"nn","006e,006e","","","none","1"
/home/cnd/tmp/dev/ocr_eval_paper/TextEval_1.5/rest/00680334.gt.xml.txt,/home/cnd/tmp/dev/ocr_eval_paper/TextEval_1.5/rest/00680334-00232201.gt4hist.xml.txt,,,,"dr","0064,0072","","","none","1"
/home/cnd/tmp/dev/ocr_eval_paper/TextEval_1.5/rest/00680334.gt.xml.txt,/home/cnd/tmp/dev/ocr_eval_paper/TextEval_1.5/rest/00680334-00232201.gt4hist.xml.txt,,,,"ſeph M","017f,0065,0070,0068,0020,004d","","","none","1"
/home/cnd/tmp/dev/ocr_eval_paper/TextEval_1.5/rest/00680334.gt.xml.txt,/home/cnd/tmp/dev/ocr_eval_paper/TextEval_1.5/rest/00680334-00232201.gt4hist.xml.txt,,,,"r we","0072,0020,0077,0065","","","none","1"
/home/cnd/tmp/dev/ocr_eval_paper/TextEval_1.5/rest/00680334.gt.xml.txt,/home/cnd/tmp/dev/ocr_eval_paper/TextEval_1.5/rest/00680334-00232201.gt4hist.xml.txt,,,,"
re","000a,0072,0065","","","none","1"
/home/cnd/tmp/dev/ocr_eval_paper/TextEval_1.5/rest/00680334.gt.xml.txt,/home/cnd/tmp/dev/ocr_eval_paper/TextEval_1.5/rest/00680334-00232201.gt4hist.xml.txt,,,,"r","0072","v","0076","misrecognised","1"
/home/cnd/tmp/dev/ocr_eval_paper/TextEval_1.5/rest/00680334.gt.xml.txt,/home/cnd/tmp/dev/ocr_eval_paper/TextEval_1.5/rest/00680334-00232201.gt4hist.xml.txt,,,,"e","0065","o","006f","misrecognised","1"
/home/cnd/tmp/dev/ocr_eval_paper/TextEval_1.5/rest/00680334.gt.xml.txt,/home/cnd/tmp/dev/ocr_eval_paper/TextEval_1.5/rest/00680334-00232201.gt4hist.xml.txt,,,,"ben, oder ihre Lei","0062,0065,006e,002c,0020,006f,0064,0065,0072,0020,0069,0068,0072,0065,0020,004c,0065,0069","","","none","1"
/home/cnd/tmp/dev/ocr_eval_paper/TextEval_1.5/rest/00680334.gt.xml.txt,/home/cnd/tmp/dev/ocr_eval_paper/TextEval_1.5/rest/00680334-00232201.gt4hist.xml.txt,,,,"e binnen einem J","0065,0020,0062,0069,006e,006e,0065,006e,0020,0065,0069,006e,0065,006d,0020,004a","","","none","1"
/home/cnd/tmp/dev/ocr_eval_paper/TextEval_1.5/rest/00680334.gt.xml.txt,/home/cnd/tmp/dev/ocr_eval_paper/TextEval_1.5/rest/00680334-00232201.gt4hist.xml.txt,,,,"te Andrä und Jo","0074,0065,0020,0041,006e,0064,0072,00e4,0020,0075,006e,0064,0020,004a,006f","","","none","1"
/home/cnd/tmp/dev/ocr_eval_paper/TextEval_1.5/rest/00680334.gt.xml.txt,/home/cnd/tmp/dev/ocr_eval_paper/TextEval_1.5/rest/00680334-00232201.gt4hist.xml.txt,,,,"mitenden Erben","006d,0069,0074,0065,006e,0064,0065,006e,0020,0045,0072,0062,0065,006e","","","none","1"
/home/cnd/tmp/dev/ocr_eval_paper/TextEval_1.5/rest/00680334.gt.xml.txt,/home/cnd/tmp/dev/ocr_eval_paper/TextEval_1.5/rest/00680334-00232201.gt4hist.xml.txt,,,,"annt gema","0061,006e,006e,0074,0020,0067,0065,006d,0061","","","none","1"
/home/cnd/tmp/dev/ocr_eval_paper/TextEval_1.5/rest/00680334.gt.xml.txt,/home/cnd/tmp/dev/ocr_eval_paper/TextEval_1.5/rest/00680334-00232201.gt4hist.xml.txt,,,," Franz Kasba","0020,0046,0072,0061,006e,007a,0020,004b,0061,0073,0062,0061","","","none","1"
/home/cnd/tmp/dev/ocr_eval_paper/TextEval_1.5/rest/00680334.gt.xml.txt,/home/cnd/tmp/dev/ocr_eval_paper/TextEval_1.5/rest/00680334-00232201.gt4hist.xml.txt,,,,"iche ","0069,0063,0068,0065,0020","","","none","1"
/home/cnd/tmp/dev/ocr_eval_paper/TextEval_1.5/rest/00680334.gt.xml.txt,/home/cnd/tmp/dev/ocr_eval_paper/TextEval_1.5/rest/00680334-00232201.gt4hist.xml.txt,,,,"ſung, die in","017f,0075,006e,0067,002c,0020,0064,0069,0065,0020,0069,006e","","","none","1"
/home/cnd/tmp/dev/ocr_eval_paper/TextEval_1.5/rest/00680334.gt.xml.txt,/home/cnd/tmp/dev/ocr_eval_paper/TextEval_1.5/rest/00680334-00232201.gt4hist.xml.txt,,,,"﻿�﻿�","feff,fffd,feff,fffd","ne","006e,0065","misrecognised","1"
/home/cnd/tmp/dev/ocr_eval_paper/TextEval_1.5/rest/00680334.gt.xml.txt,/home/cnd/tmp/dev/ocr_eval_paper/TextEval_1.5/rest/00680334-00232201.gt4hist.xml.txt,,,,"o","006f","e","0065","misrecognised","2"
/home/cnd/tmp/dev/ocr_eval_paper/TextEval_1.5/rest/00680334.gt.xml.txt,/home/cnd/tmp/dev/ocr_eval_paper/TextEval_1.5/rest/00680334-00232201.gt4hist.xml.txt,,,,"ſ","017f","t","0074","misrecognised","1"
/home/cnd/tmp/dev/ocr_eval_paper/TextEval_1.5/rest/00680334.gt.xml.txt,/home/cnd/tmp/dev/ocr_eval_paper/TextEval_1.5/rest/00680334-00232201.gt4hist.xml.txt,,,," z","0020,007a","","","none","1"
/home/cnd/tmp/dev/ocr_eval_paper/TextEval_1.5/rest/00680334.gt.xml.txt,/home/cnd/tmp/dev/ocr_eval_paper/TextEval_1.5/rest/00680334-00232201.gt4hist.xml.txt,,,,"talm","0074,0061,006c,006d","","","none","1"
/home/cnd/tmp/dev/ocr_eval_paper/TextEval_1.5/rest/00680334.gt.xml.txt,/home/cnd/tmp/dev/ocr_eval_paper/TextEval_1.5/rest/00680334-00232201.gt4hist.xml.txt,,,," ","0020","n","006e","misrecognised","1"
/home/cnd/tmp/dev/ocr_eval_paper/TextEval_1.5/rest/00680334.gt.xml.txt,/home/cnd/tmp/dev/ocr_eval_paper/TextEval_1.5/rest/00680334-00232201.gt4hist.xml.txt,,,,"ﬂ","fb02","ſt","017f,0074","misrecognised","1"
/home/cnd/tmp/dev/ocr_eval_paper/TextEval_1.5/rest/00680334.gt.xml.txt,/home/cnd/tmp/dev/ocr_eval_paper/TextEval_1.5/rest/00680334-00232201.gt4hist.xml.txt,,,,"4 ","0034,0020","","","none","1"
/home/cnd/tmp/dev/ocr_eval_paper/TextEval_1.5/rest/00680334.gt.xml.txt,/home/cnd/tmp/dev/ocr_eval_paper/TextEval_1.5/rest/00680334-00232201.gt4hist.xml.txt,,,,"re Land⸗","0072,0065,0020,004c,0061,006e,0064,2e17","","","none","1"
/home/cnd/tmp/dev/ocr_eval_paper/TextEval_1.5/rest/00680334.gt.xml.txt,/home/cnd/tmp/dev/ocr_eval_paper/TextEval_1.5/rest/00680334-00232201.gt4hist.xml.txt,,,,"3 ﬂ","0033,0020,fb02","Zifl","005a,0069,0066,006c","misrecognised","1"
/home/cnd/tmp/dev/ocr_eval_paper/TextEval_1.5/rest/00680334.gt.xml.txt,/home/cnd/tmp/dev/ocr_eval_paper/TextEval_1.5/rest/00680334-00232201.gt4hist.xml.txt,,,,"er gibt.","0065,0072,0020,0067,0069,0062,0074,002e","","","none","1"
/home/cnd/tmp/dev/ocr_eval_paper/TextEval_1.5/rest/00680334.gt.xml.txt,/home/cnd/tmp/dev/ocr_eval_paper/TextEval_1.5/rest/00680334-00232201.gt4hist.xml.txt,,,,"J","004a","Z","005a","misrecognised","1"
/home/cnd/tmp/dev/ocr_eval_paper/TextEval_1.5/rest/00680334.gt.xml.txt,/home/cnd/tmp/dev/ocr_eval_paper/TextEval_1.5/rest/00680334-00232201.gt4hist.xml.txt,,,,"en, der ","0065,006e,002c,0020,0064,0065,0072,0020","","","none","1"
/home/cnd/tmp/dev/ocr_eval_paper/TextEval_1.5/rest/00680334.gt.xml.txt,/home/cnd/tmp/dev/ocr_eval_paper/TextEval_1.5/rest/00680334-00232201.gt4hist.xml.txt,,,,"s","0073","⸗","2e17","misrecognised","1"
/home/cnd/tmp/dev/ocr_eval_paper/TextEval_1.5/rest/00680334.gt.xml.txt,/home/cnd/tmp/dev/ocr_eval_paper/TextEval_1.5/rest/00680334-00232201.gt4hist.xml.txt,,,,"ommen.","006f,006d,006d,0065,006e,002e","","","none","1"
/home/cnd/tmp/dev/ocr_eval_paper/TextEval_1.5/rest/00680334.gt.xml.txt,/home/cnd/tmp/dev/ocr_eval_paper/TextEval_1.5/rest/00680334-00232201.gt4hist.xml.txt,,,,"illing ","0069,006c,006c,0069,006e,0067,0020","","","none","1"
/home/cnd/tmp/dev/ocr_eval_paper/TextEval_1.5/rest/00680334.gt.xml.txt,/home/cnd/tmp/dev/ocr_eval_paper/TextEval_1.5/rest/00680334-00232201.gt4hist.xml.txt,,,,"Ckd","0043,006b,0064","Etv","0045,0074,0076","misrecognised","1"
/home/cnd/tmp/dev/ocr_eval_paper/TextEval_1.5/rest/00680334.gt.xml.txt,/home/cnd/tmp/dev/ocr_eval_paper/TextEval_1.5/rest/00680334-00232201.gt4hist.xml.txt,,,,"rau","0072,0061,0075","","","none","1"
/home/cnd/tmp/dev/ocr_eval_paper/TextEval_1.5/rest/00680334.gt.xml.txt,/home/cnd/tmp/dev/ocr_eval_paper/TextEval_1.5/rest/00680334-00232201.gt4hist.xml.txt,,,,"alb","0061,006c,0062","","","none","1"
/home/cnd/tmp/dev/ocr_eval_paper/TextEval_1.5/rest/00680334.gt.xml.txt,/home/cnd/tmp/dev/ocr_eval_paper/TextEval_1.5/rest/00680334-00232201.gt4hist.xml.txt,,,,"u","eada,0075","ffä","0066,0066,00e4","misrecognised","1"
/home/cnd/tmp/dev/ocr_eval_paper/TextEval_1.5/rest/00680334.gt.xml.txt,/home/cnd/tmp/dev/ocr_eval_paper/TextEval_1.5/rest/00680334-00232201.gt4hist.xml.txt,,,,"
len","000a,006c,0065,006e","","","none","1"
/home/cnd/tmp/dev/ocr_eval_paper/TextEval_1.5/rest/00680334.gt.xml.txt,/home/cnd/tmp/dev/ocr_eval_paper/TextEval_1.5/rest/00680334-00232201.gt4hist.xml.txt,,,," der K","0020,0064,0065,0072,0020,004b","","","none","1"
/home/cnd/tmp/dev/ocr_eval_paper/TextEval_1.5/rest/00680334.gt.xml.txt,/home/cnd/tmp/dev/ocr_eval_paper/TextEval_1.5/rest/00680334-00232201.gt4hist.xml.txt,,,,"d ","0064,0020","","","none","1"
/home/cnd/tmp/dev/ocr_eval_paper/TextEval_1.5/rest/00680334.gt.xml.txt,/home/cnd/tmp/dev/ocr_eval_paper/TextEval_1.5/rest/00680334-00232201.gt4hist.xml.txt,,,," ihrer","0020,0069,0068,0072,0065,0072","","","none","1"
/home/cnd/tmp/dev/ocr_eval_paper/TextEval_1.5/rest/00680334.gt.xml.txt,/home/cnd/tmp/dev/ocr_eval_paper/TextEval_1.5/rest/00680334-00232201.gt4hist.xml.txt,,,,"rei","0072,0065,0069","","","none","1"
/home/cnd/tmp/dev/ocr_eval_paper/TextEval_1.5/rest/00680334.gt.xml.txt,/home/cnd/tmp/dev/ocr_eval_paper/TextEval_1.5/rest/00680334-00232201.gt4hist.xml.txt,,,,"hr ","0068,0072,0020","","","none","1"
/home/cnd/tmp/dev/ocr_eval_paper/TextEval_1.5/rest/00680334.gt.xml.txt,/home/cnd/tmp/dev/ocr_eval_paper/TextEval_1.5/rest/00680334-00232201.gt4hist.xml.txt,,,,"
6. Hat K","000a,0036,002e,0020,0048,0061,0074,0020,004b","","","none","1"
/home/cnd/tmp/dev/ocr_eval_paper/TextEval_1.5/rest/00680334.gt.xml.txt,/home/cnd/tmp/dev/ocr_eval_paper/TextEval_1.5/rest/00680334-00232201.gt4hist.xml.txt,,,," ⸗","0020,2e17","-","002d","misrecognised","1"
/home/cnd/tmp/dev/ocr_eval_paper/TextEval_1.5/rest/00680334.gt.xml.txt,/home/cnd/tmp/dev/ocr_eval_paper/TextEval_1.5/rest/00680334-00232201.gt4hist.xml.txt,,,,"en, ſo","0065,006e,002c,0020,017f,006f","","","none","1"
/home/cnd/tmp/dev/ocr_eval_paper/TextEval_1.5/rest/00680334.gt.xml.txt,/home/cnd/tmp/dev/ocr_eval_paper/TextEval_1.5/rest/00680334-00232201.gt4hist.xml.txt,,,,"eigerung ſel","0065,0069,0067,0065,0072,0075,006e,0067,0020,017f,0065,006c","","","none","1"
/home/cnd/tmp/dev/ocr_eval_paper/TextEval_1.5/rest/00680334.gt.xml.txt,/home/cnd/tmp/dev/ocr_eval_paper/TextEval_1.5/rest/00680334-00232201.gt4hist.xml.txt,,,," zu Proto","0020,007a,0075,0020,0050,0072,006f,0074,006f","","","none","1"
/home/cnd/tmp/dev/ocr_eval_paper/TextEval_1.5/rest/00680334.gt.xml.txt,/home/cnd/tmp/dev/ocr_eval_paper/TextEval_1.5/rest/00680334-00232201.gt4hist.xml.txt,,,,"U","0055","A","0041","misrecognised","1"
/home/cnd/tmp/dev/ocr_eval_paper/TextEval_1.5/rest/00680334.gt.xml.txt,/home/cnd/tmp/dev/ocr_eval_paper/TextEval_1.5/rest/00680334-00232201.gt4hist.xml.txt,,,,"e Ver","0065,0020,0056,0065,0072","","","none","1"
/home/cnd/tmp/dev/ocr_eval_paper/TextEval_1.5/rest/00680334.gt.xml.txt,/home/cnd/tmp/dev/ocr_eval_paper/TextEval_1.5/rest/00680334-00232201.gt4hist.xml.txt,,,,"rift geen","0072,0069,0066,0074,0020,0067,0065,0065,006e","","","none","1"
/home/cnd/tmp/dev/ocr_eval_paper/TextEval_1.5/rest/00680334.gt.xml.txt,/home/cnd/tmp/dev/ocr_eval_paper/TextEval_1.5/rest/00680334-00232201.gt4hist.xml.txt,,,," Mo","0020,004d,006f","","","none","1"
/home/cnd/tmp/dev/ocr_eval_paper/TextEval_1.5/rest/00680334.gt.xml.txt,/home/cnd/tmp/dev/ocr_eval_paper/TextEval_1.5/rest/00680334-00232201.gt4hist.xml.txt,,,,"
wel","000a,0077,0065,006c","","","none","1"
/home/cnd/tmp/dev/ocr_eval_paper/TextEval_1.5/rest/00680334.gt.xml.txt,/home/cnd/tmp/dev/ocr_eval_paper/TextEval_1.5/rest/00680334-00232201.gt4hist.xml.txt,,,," ⸗","0020,2e17","?","003f","misrecognised","1"
/home/cnd/tmp/dev/ocr_eval_paper/TextEval_1.5/rest/00680334.gt.xml.txt,/home/cnd/tmp/dev/ocr_eval_paper/TextEval_1.5/rest/00680334-00232201.gt4hist.xml.txt,,,," ſol","0020,017f,006f,006c","","","none","1"
/home/cnd/tmp/dev/ocr_eval_paper/TextEval_1.5/rest/00680334.gt.xml.txt,/home/cnd/tmp/dev/ocr_eval_paper/TextEval_1.5/rest/00680334-00232201.gt4hist.xml.txt,,,," die zur F","0020,0064,0069,0065,0020,007a,0075,0072,0020,0046","","","none","1"
/home/cnd/tmp/dev/ocr_eval_paper/TextEval_1.5/rest/00680334.gt.xml.txt,/home/cnd/tmp/dev/ocr_eval_paper/TextEval_1.5/rest/00680334-00232201.gt4hist.xml.txt,,,,"kersgere","006b,0065,0072,0073,0067,0065,0072,0065","","","none","1"
/home/cnd/tmp/dev/ocr_eval_paper/TextEval_1.5/rest/00680334.gt.xml.txt,/home/cnd/tmp/dev/ocr_eval_paper/TextEval_1.5/rest/00680334-00232201.gt4hist.xml.txt,,,,"a ","0061,0020","","","none","1"
/home/cnd/tmp/dev/ocr_eval_paper/TextEval_1.5/rest/00680334.gt.xml.txt,/home/cnd/tmp/dev/ocr_eval_paper/TextEval_1.5/rest/00680334-00232201.gt4hist.xml.txt,,,,"üä","00fc,eec4,eada,00e4","ůckſtaͤ","016f,0063,006b,017f,0074,0061,0364","misrecognised","1"
/home/cnd/tmp/dev/ocr_eval_paper/TextEval_1.5/rest/00680334.gt.xml.txt,/home/cnd/tmp/dev/ocr_eval_paper/TextEval_1.5/rest/00680334-00232201.gt4hist.xml.txt,,,," Frei","0020,0046,0072,0065,0069","","","none","1"
/home/cnd/tmp/dev/ocr_eval_paper/TextEval_1.5/rest/00680334.gt.xml.txt,/home/cnd/tmp/dev/ocr_eval_paper/TextEval_1.5/rest/00680334-00232201.gt4hist.xml.txt,,,,"ein, Wu","0065,0069,006e,002c,0020,0057,0075","","","none","1"
/home/cnd/tmp/dev/ocr_eval_paper/TextEval_1.5/rest/00680334.gt.xml.txt,/home/cnd/tmp/dev/ocr_eval_paper/TextEval_1.5/rest/00680334-00232201.gt4hist.xml.txt,,,,"n","006e","et ","0065,0074,0020","misrecognised","1"
/home/cnd/tmp/dev/ocr_eval_paper/TextEval_1.5/rest/00680334.gt.xml.txt,/home/cnd/tmp/dev/ocr_eval_paper/TextEval_1.5/rest/00680334-00232201.gt4hist.xml.txt,,,,"et","0065,0074","l","006c","misrecognised","1"
/home/cnd/tmp/dev/ocr_eval_paper/TextEval_1.5/rest/00680334.gt.xml.txt,/home/cnd/tmp/dev/ocr_eval_paper/TextEval_1.5/rest/00680334-00232201.gt4hist.xml.txt,,,,"P","0050","V","0056","misrecognised","1"
/home/cnd/tmp/dev/ocr_eval_paper/TextEval_1.5/rest/00680334.gt.xml.txt,/home/cnd/tmp/dev/ocr_eval_paper/TextEval_1.5/rest/00680334-00232201.gt4hist.xml.txt,,,,"lt","006c,0074","","","none","1"
/home/cnd/tmp/dev/ocr_eval_paper/TextEval_1.5/rest/00680334.gt.xml.txt,/home/cnd/tmp/dev/ocr_eval_paper/TextEval_1.5/rest/00680334-00232201.gt4hist.xml.txt,,,,"V","0056","d","0064","misrecognised","1"
/home/cnd/tmp/dev/ocr_eval_paper/TextEval_1.5/rest/00680334.gt.xml.txt,/home/cnd/tmp/dev/ocr_eval_paper/TextEval_1.5/rest/00680334-00232201.gt4hist.xml.txt,,,,"g","0067","B","0042","misrecognised","1"
/home/cnd/tmp/dev/ocr_eval_paper/TextEval_1.5/rest/00680334.gt.xml.txt,/home/cnd/tmp/dev/ocr_eval_paper/TextEval_1.5/rest/00680334-00232201.gt4hist.xml.txt,,,,"","","u","0075","false detection","1"
/home/cnd/tmp/dev/ocr_eval_paper/TextEval_1.5/rest/00680334.gt.xml.txt,/home/cnd/tmp/dev/ocr_eval_paper/TextEval_1.5/rest/00680334-00232201.gt4hist.xml.txt,,,," ⸗ ","0020,2e17,0020","-","002d","misrecognised","1"
/home/cnd/tmp/dev/ocr_eval_paper/TextEval_1.5/rest/00680334.gt.xml.txt,/home/cnd/tmp/dev/ocr_eval_paper/TextEval_1.5/rest/00680334-00232201.gt4hist.xml.txt,,,,"le zur","006c,0065,0020,007a,0075,0072","","","none","1"
/home/cnd/tmp/dev/ocr_eval_paper/TextEval_1.5/rest/00680334.gt.xml.txt,/home/cnd/tmp/dev/ocr_eval_paper/TextEval_1.5/rest/00680334-00232201.gt4hist.xml.txt,,,,"el","0065,006c","","","none","1"
/home/cnd/tmp/dev/ocr_eval_paper/TextEval_1.5/rest/00680334.gt.xml.txt,/home/cnd/tmp/dev/ocr_eval_paper/TextEval_1.5/rest/00680334-00232201.gt4hist.xml.txt,,,,"ter","0074,0065,0072","","","none","2"
/home/cnd/tmp/dev/ocr_eval_paper/TextEval_1.5/rest/00680334.gt.xml.txt,/home/cnd/tmp/dev/ocr_eval_paper/TextEval_1.5/rest/00680334-00232201.gt4hist.xml.txt,,,,"d","0064","L","004c","misrecognised","1"
/home/cnd/tmp/dev/ocr_eval_paper/TextEval_1.5/rest/00680334.gt.xml.txt,/home/cnd/tmp/dev/ocr_eval_paper/TextEval_1.5/rest/00680334-00232201.gt4hist.xml.txt,,,,"Ur","0055,0072","At","0041,0074","misrecognised","1"
/home/cnd/tmp/dev/ocr_eval_paper/TextEval_1.5/rest/00680334.gt.xml.txt,/home/cnd/tmp/dev/ocr_eval_paper/TextEval_1.5/rest/00680334-00232201.gt4hist.xml.txt,,,,"t","0074","k","006b","misrecognised","1"
/home/cnd/tmp/dev/ocr_eval_paper/TextEval_1.5/rest/00680334.gt.xml.txt,/home/cnd/tmp/dev/ocr_eval_paper/TextEval_1.5/rest/00680334-00232201.gt4hist.xml.txt,,,,"
S","000a,0053","","","none","2"
/home/cnd/tmp/dev/ocr_eval_paper/TextEval_1.5/rest/00680334.gt.xml.txt,/home/cnd/tmp/dev/ocr_eval_paper/TextEval_1.5/rest/00680334-00232201.gt4hist.xml.txt,,,,"ungs ⸗","0075,006e,0067,0073,0020,2e17","a.","0061,002e","misrecognised","1"
/home/cnd/tmp/dev/ocr_eval_paper/TextEval_1.5/rest/00680334.gt.xml.txt,/home/cnd/tmp/dev/ocr_eval_paper/TextEval_1.5/rest/00680334-00232201.gt4hist.xml.txt,,,,"S","0053,f502","  
3 Vorſteigerunges ⸗ 
Ech","0020,0020,000a,0033,0020,0056,006f,0072,017f,0074,0065,0069,0067,0065,0072,0075,006e,0067,0065,0073,0020,2e17,0020,000a,0045,0063,0068","misrecognised","1"
/home/cnd/tmp/dev/ocr_eval_paper/TextEval_1.5/rest/00680334.gt.xml.txt,/home/cnd/tmp/dev/ocr_eval_paper/TextEval_1.5/rest/00680334-00232201.gt4hist.xml.txt,,,,"I","0049","S","0053","misrecognised","1"
/home/cnd/tmp/dev/ocr_eval_paper/TextEval_1.5/rest/00680334.gt.xml.txt,/home/cnd/tmp/dev/ocr_eval_paper/TextEval_1.5/rest/00680334-00232201.gt4hist.xml.txt,,,,"o","006f","c","0063","misrecognised","1"
/home/cnd/tmp/dev/ocr_eval_paper/TextEval_1.5/rest/00680334.gt.xml.txt,/home/cnd/tmp/dev/ocr_eval_paper/TextEval_1.5/rest/00680334-00232201.gt4hist.xml.txt,,,,"hr, S","0068,0072,002c,0020,0053","","","none","1"
/home/cnd/tmp/dev/ocr_eval_paper/TextEval_1.5/rest/00680334.gt.xml.txt,/home/cnd/tmp/dev/ocr_eval_paper/TextEval_1.5/rest/00680334-00232201.gt4hist.xml.txt,,,,", f","002c,0020,0066","","","none","1"
/home/cnd/tmp/dev/ocr_eval_paper/TextEval_1.5/rest/00680334.gt.xml.txt,/home/cnd/tmp/dev/ocr_eval_paper/TextEval_1.5/rest/00680334-00232201.gt4hist.xml.txt,,,,"Joha","004a,006f,0068,0061","","","none","1"
/home/cnd/tmp/dev/ocr_eval_paper/TextEval_1.5/rest/00680334.gt.xml.txt,/home/cnd/tmp/dev/ocr_eval_paper/TextEval_1.5/rest/00680334-00232201.gt4hist.xml.txt,,,,"r","0072,eada","","","miss","1"
/home/cnd/tmp/dev/ocr_eval_paper/TextEval_1.5/rest/00680334.gt.xml.txt,/home/cnd/tmp/dev/ocr_eval_paper/TextEval_1.5/rest/00680334-00232201.gt4hist.xml.txt,,,,"ll","006c,006c","ſteſi","017f,0074,0065,017f,0069","misrecognised","1"
/home/cnd/tmp/dev/ocr_eval_paper/TextEval_1.5/rest/00680334.gt.xml.txt,/home/cnd/tmp/dev/ocr_eval_paper/TextEval_1.5/rest/00680334-00232201.gt4hist.xml.txt,,,," dieſe","0020,0064,0069,0065,017f,0065","","","none","1"
/home/cnd/tmp/dev/ocr_eval_paper/TextEval_1.5/rest/00680334.gt.xml.txt,/home/cnd/tmp/dev/ocr_eval_paper/TextEval_1.5/rest/00680334-00232201.gt4hist.xml.txt,,,,"onarien mitte","006f,006e,0061,0072,0069,0065,006e,0020,006d,0069,0074,0074,0065","","","none","1"
/home/cnd/tmp/dev/ocr_eval_paper/TextEval_1.5/rest/00680334.gt.xml.txt,/home/cnd/tmp/dev/ocr_eval_paper/TextEval_1.5/rest/00680334-00232201.gt4hist.xml.txt,,,,"t einberufen, d","0074,0020,0065,0069,006e,0062,0065,0072,0075,0066,0065,006e,002c,0020,0064","","","none","1"
/home/cnd/tmp/dev/ocr_eval_paper/TextEval_1.5/rest/00680334.gt.xml.txt,/home/cnd/tmp/dev/ocr_eval_paper/TextEval_1.5/rest/00680334-00232201.gt4hist.xml.txt,,,,"hre vor die","0068,0072,0065,0020,0076,006f,0072,0020,0064,0069,0065","","","none","1"
/home/cnd/tmp/dev/ocr_eval_paper/TextEval_1.5/rest/00680334.gt.xml.txt,/home/cnd/tmp/dev/ocr_eval_paper/TextEval_1.5/rest/00680334-00232201.gt4hist.xml.txt,,,,"rt, und deren ","0072,0074,002c,0020,0075,006e,0064,0020,0064,0065,0072,0065,006e,0020","","","none","1"
/home/cnd/tmp/dev/ocr_eval_paper/TextEval_1.5/rest/00680334.gt.xml.txt,/home/cnd/tmp/dev/ocr_eval_paper/TextEval_1.5/rest/00680334-00232201.gt4hist.xml.txt,,,,"en und ","0065,006e,0020,0075,006e,0064,0020","","","none","1"
/home/cnd/tmp/dev/ocr_eval_paper/TextEval_1.5/rest/00680334.gt.xml.txt,/home/cnd/tmp/dev/ocr_eval_paper/TextEval_1.5/rest/00680334-00232201.gt4hist.xml.txt,,,,"et werden w","0065,0074,0020,0077,0065,0072,0064,0065,006e,0020,0077","","","none","1"
/home/cnd/tmp/dev/ocr_eval_paper/TextEval_1.5/rest/00680334.gt.xml.txt,/home/cnd/tmp/dev/ocr_eval_paper/TextEval_1.5/rest/00680334-00232201.gt4hist.xml.txt,,,,"t,","0074,002c","","","none","1"
/home/cnd/tmp/dev/ocr_eval_paper/TextEval_1.5/rest/00680334.gt.xml.txt,/home/cnd/tmp/dev/ocr_eval_paper/TextEval_1.5/rest/00680334-00232201.gt4hist.xml.txt,,,,"en de","0065,006e,0020,0064,0065","","","none","1"
/home/cnd/tmp/dev/ocr_eval_paper/TextEval_1.5/rest/00680334.gt.xml.txt,/home/cnd/tmp/dev/ocr_eval_paper/TextEval_1.5/rest/00680334-00232201.gt4hist.xml.txt,,,,"en Konkurs⸗","0065,006e,0020,004b,006f,006e,006b,0075,0072,0073,2e17","","","none","1"
/home/cnd/tmp/dev/ocr_eval_paper/TextEval_1.5/rest/00680334.gt.xml.txt,/home/cnd/tmp/dev/ocr_eval_paper/TextEval_1.5/rest/00680334-00232201.gt4hist.xml.txt,,,,"eige","0065,0069,0067,0065","","","none","1"
/home/cnd/tmp/dev/ocr_eval_paper/TextEval_1.5/rest/00680334.gt.xml.txt,/home/cnd/tmp/dev/ocr_eval_paper/TextEval_1.5/rest/00680334-00232201.gt4hist.xml.txt,,,,"s eine Beha","0073,0020,0065,0069,006e,0065,0020,0042,0065,0068,0061","","","none","1"
/home/cnd/tmp/dev/ocr_eval_paper/TextEval_1.5/rest/00680334.gt.xml.txt,/home/cnd/tmp/dev/ocr_eval_paper/TextEval_1.5/rest/00680334-00232201.gt4hist.xml.txt,,,,"erga","0065,0072,0067,0061","","","none","1"
/home/cnd/tmp/dev/ocr_eval_paper/TextEval_1.5/rest/00680334.gt.xml.txt,/home/cnd/tmp/dev/ocr_eval_paper/TextEval_1.5/rest/00680334-00232201.gt4hist.xml.txt,,,,"d","0064","s","0073","misrecognised","1"
/home/cnd/tmp/dev/ocr_eval_paper/TextEval_1.5/rest/00680334.gt.xml.txt,/home/cnd/tmp/dev/ocr_eval_paper/TextEval_1.5/rest/00680334-00232201.gt4hist.xml.txt,,,,"k","006b","A","0041","misrecognised","1"
/home/cnd/tmp/dev/ocr_eval_paper/TextEval_1.5/rest/00680334.gt.xml.txt,/home/cnd/tmp/dev/ocr_eval_paper/TextEval_1.5/rest/00680334-00232201.gt4hist.xml.txt,,,,"",""," 
Hiefuͤr iſt einſchließlich der bei — — veſtehene 
den veellen Backeregggeheſone der Ausrufspreis 100 fl. 
... Bedingniſfe. ","0020,000a,0048,0069,0065,0066,0075,0364,0072,0020,0069,017f,0074,0020,0065,0069,006e,017f,0063,0068,006c,0069,0065,00df,006c,0069,0063,0068,0020,0064,0065,0072,0020,0062,0065,0069,0020,2014,0020,2014,0020,0076,0065,017f,0074,0065,0068,0065,006e,0065,0020,000a,0064,0065,006e,0020,0076,0065,0065,006c,006c,0065,006e,0020,0042,0061,0063,006b,0065,0072,0065,0067,0067,0067,0065,0068,0065,017f,006f,006e,0065,0020,0064,0065,0072,0020,0041,0075,0073,0072,0075,0066,0073,0070,0072,0065,0069,0073,0020,0031,0030,0030,0020,0066,006c,002e,0020,000a,002e,002e,002e,0020,0042,0065,0064,0069,006e,0067,006e,0069,017f,0066,0065,002e,0020","false detection","1"
/home/cnd/tmp/dev/ocr_eval_paper/TextEval_1.5/rest/00680334.gt.xml.txt,/home/cnd/tmp/dev/ocr_eval_paper/TextEval_1.5/rest/00680334-00232201.gt4hist.xml.txt,,,,"Bü","0042,00fc","Zu","005a,0075","misrecognised","1"
/home/cnd/tmp/dev/ocr_eval_paper/TextEval_1.5/rest/00680334.gt.xml.txt,/home/cnd/tmp/dev/ocr_eval_paper/TextEval_1.5/rest/00680334-00232201.gt4hist.xml.txt,,,,"bunden","0062,0075,006e,0064,0065,006e","","","none","1"
/home/cnd/tmp/dev/ocr_eval_paper/TextEval_1.5/rest/00680334.gt.xml.txt,/home/cnd/tmp/dev/ocr_eval_paper/TextEval_1.5/rest/00680334-00232201.gt4hist.xml.txt,,,,"H","0048","h","0068","misrecognised","1"
/home/cnd/tmp/dev/ocr_eval_paper/TextEval_1.5/rest/00680334.gt.xml.txt,/home/cnd/tmp/dev/ocr_eval_paper/TextEval_1.5/rest/00680334-00232201.gt4hist.xml.txt,,,,"jä","006a,00e4","laͤ","006c,0061,0364","misrecognised","1"
/home/cnd/tmp/dev/ocr_eval_paper/TextEval_1.5/rest/00680334.gt.xml.txt,/home/cnd/tmp/dev/ocr_eval_paper/TextEval_1.5/rest/00680334-00232201.gt4hist.xml.txt,,,," i","0020,0069","","","none","1"
/home/cnd/tmp/dev/ocr_eval_paper/TextEval_1.5/rest/00680334.gt.xml.txt,/home/cnd/tmp/dev/ocr_eval_paper/TextEval_1.5/rest/00680334-00232201.gt4hist.xml.txt,,,,"äu","00e4,0075","oͤn","006f,0364,006e","misrecognised","1"
/home/cnd/tmp/dev/ocr_eval_paper/TextEval_1.5/rest/00680334.gt.xml.txt,/home/cnd/tmp/dev/ocr_eval_paper/TextEval_1.5/rest/00680334-00232201.gt4hist.xml.txt,,,,"b","0062","","","none","1"
/home/cnd/tmp/dev/ocr_eval_paper/TextEval_1.5/rest/00680334.gt.xml.txt,/home/cnd/tmp/dev/ocr_eval_paper/TextEval_1.5/rest/00680334-00232201.gt4hist.xml.txt,,,,"
ne ","000a,006e,0065,0020","","","none","1"
/home/cnd/tmp/dev/ocr_eval_paper/TextEval_1.5/rest/00680334.gt.xml.txt,/home/cnd/tmp/dev/ocr_eval_paper/TextEval_1.5/rest/00680334-00232201.gt4hist.xml.txt,,,,"ehungs","0065,0068,0075,006e,0067,0073","","","none","1"
/home/cnd/tmp/dev/ocr_eval_paper/TextEval_1.5/rest/00680334.gt.xml.txt,/home/cnd/tmp/dev/ocr_eval_paper/TextEval_1.5/rest/00680334-00232201.gt4hist.xml.txt,,,,"b","0062","t","0074","misrecognised","2"
/home/cnd/tmp/dev/ocr_eval_paper/TextEval_1.5/rest/00680334.gt.xml.txt,/home/cnd/tmp/dev/ocr_eval_paper/TextEval_1.5/rest/00680334-00232201.gt4hist.xml.txt,,,,"G","0047","B","0042","misrecognised","1"
/home/cnd/tmp/dev/ocr_eval_paper/TextEval_1.5/rest/00680334.gt.xml.txt,/home/cnd/tmp/dev/ocr_eval_paper/TextEval_1.5/rest/00680334-00232201.gt4hist.xml.txt,,,,"a","0061","g","0067","misrecognised","1"
/home/cnd/tmp/dev/ocr_eval_paper/TextEval_1.5/rest/00680334.gt.xml.txt,/home/cnd/tmp/dev/ocr_eval_paper/TextEval_1.5/rest/00680334-00232201.gt4hist.xml.txt,,,,"ſä","017f,00e4","fa","0066,0061","misrecognised","1"
/home/cnd/tmp/dev/ocr_eval_paper/TextEval_1.5/rest/00680334.gt.xml.txt,/home/cnd/tmp/dev/ocr_eval_paper/TextEval_1.5/rest/00680334-00232201.gt4hist.xml.txt,,,,"om","006f,006d","","","none","1"
/home/cnd/tmp/dev/ocr_eval_paper/TextEval_1.5/rest/00680334.gt.xml.txt,/home/cnd/tmp/dev/ocr_eval_paper/TextEval_1.5/rest/00680334-00232201.gt4hist.xml.txt,,,," den K","0020,0064,0065,006e,0020,004b","","","none","1"
/home/cnd/tmp/dev/ocr_eval_paper/TextEval_1.5/rest/00680334.gt.xml.txt,/home/cnd/tmp/dev/ocr_eval_paper/TextEval_1.5/rest/00680334-00232201.gt4hist.xml.txt,,,,"","","ta","0074,0061","false detection","1"
/home/cnd/tmp/dev/ocr_eval_paper/TextEval_1.5/rest/00680334.gt.xml.txt,/home/cnd/tmp/dev/ocr_eval_paper/TextEval_1.5/rest/00680334-00232201.gt4hist.xml.txt,,,,"at","0061,0074","","","miss","1"
/home/cnd/tmp/dev/ocr_eval_paper/TextEval_1.5/rest/00680334.gt.xml.txt,/home/cnd/tmp/dev/ocr_eval_paper/TextEval_1.5/rest/00680334-00232201.gt4hist.xml.txt,,,,"
ko","000a,006b,006f","","","none","1"
/home/cnd/tmp/dev/ocr_eval_paper/TextEval_1.5/rest/00680334.gt.xml.txt,/home/cnd/tmp/dev/ocr_eval_paper/TextEval_1.5/rest/00680334-00232201.gt4hist.xml.txt,,,,"k","f502,006b","f","0066","misrecognised","1"
/home/cnd/tmp/dev/ocr_eval_paper/TextEval_1.5/rest/00680334.gt.xml.txt,/home/cnd/tmp/dev/ocr_eval_paper/TextEval_1.5/rest/00680334-00232201.gt4hist.xml.txt,,,,"
Die Ver","000a,0044,0069,0065,0020,0056,0065,0072","","","none","1"
/home/cnd/tmp/dev/ocr_eval_paper/TextEval_1.5/rest/00680334.gt.xml.txt,/home/cnd/tmp/dev/ocr_eval_paper/TextEval_1.5/rest/00680334-00232201.gt4hist.xml.txt,,,,"ieht Freita","0069,0065,0068,0074,0020,0046,0072,0065,0069,0074,0061","","","none","1"
/home/cnd/tmp/dev/ocr_eval_paper/TextEval_1.5/rest/00680334.gt.xml.txt,/home/cnd/tmp/dev/ocr_eval_paper/TextEval_1.5/rest/00680334-00232201.gt4hist.xml.txt,,,,"hr die ","0068,0072,0020,0064,0069,0065,0020","","","none","1"
/home/cnd/tmp/dev/ocr_eval_paper/TextEval_1.5/rest/00680334.gt.xml.txt,/home/cnd/tmp/dev/ocr_eval_paper/TextEval_1.5/rest/00680334-00232201.gt4hist.xml.txt,,,,"oll ge","006f,006c,006c,0020,0067,0065","","","none","1"
/home/cnd/tmp/dev/ocr_eval_paper/TextEval_1.5/rest/00680334.gt.xml.txt,/home/cnd/tmp/dev/ocr_eval_paper/TextEval_1.5/rest/00680334-00232201.gt4hist.xml.txt,,,,"","eada","k","006b","misrecognised","1"
/home/cnd/tmp/dev/ocr_eval_paper/TextEval_1.5/rest/00680334.gt.xml.txt,/home/cnd/tmp/dev/ocr_eval_paper/TextEval_1.5/rest/00680334-00232201.gt4hist.xml.txt,,,,"n","006e","ii","0069,0069","misrecognised","1"
/home/cnd/tmp/dev/ocr_eval_paper/TextEval_1.5/rest/00680334.gt.xml.txt,/home/cnd/tmp/dev/ocr_eval_paper/TextEval_1.5/rest/00680334-00232201.gt4hist.xml.txt,,,,"esvorſ","0065,0073,0076,006f,0072,017f","","","none","1"
/home/cnd/tmp/dev/ocr_eval_paper/TextEval_1.5/rest/00680334.gt.xml.txt,/home/cnd/tmp/dev/ocr_eval_paper/TextEval_1.5/rest/00680334-00232201.gt4hist.xml.txt,,,,"den wird.","0064,0065,006e,0020,0077,0069,0072,0064,002e","","","none","1"
/home/cnd/tmp/dev/ocr_eval_paper/TextEval_1.5/rest/00680334.gt.xml.txt,/home/cnd/tmp/dev/ocr_eval_paper/TextEval_1.5/rest/00680334-00232201.gt4hist.xml.txt,,,,"
ſen","000a,017f,0065,006e","","","none","1"
/home/cnd/tmp/dev/ocr_eval_paper/TextEval_1.5/rest/00680334.gt.xml.txt,/home/cnd/tmp/dev/ocr_eval_paper/TextEval_1.5/rest/00680334-00232201.gt4hist.xml.txt,,,,"är","00e4,0072","ac","0061,0063","misrecognised","1"
/home/cnd/tmp/dev/ocr_eval_paper/TextEval_1.5/rest/00680334.gt.xml.txt,/home/cnd/tmp/dev/ocr_eval_paper/TextEval_1.5/rest/00680334-00232201.gt4hist.xml.txt,,,,"d","0064","Se","0053,0065","misrecognised","1"
/home/cnd/tmp/dev/ocr_eval_paper/TextEval_1.5/rest/00680334.gt.xml.txt,/home/cnd/tmp/dev/ocr_eval_paper/TextEval_1.5/rest/00680334-00232201.gt4hist.xml.txt,,,,"tüberh","0074,00fc,0062,0065,0072,0068","n","006e","misrecognised","1"
/home/cnd/tmp/dev/ocr_eval_paper/TextEval_1.5/rest/00680334.gt.xml.txt,/home/cnd/tmp/dev/ocr_eval_paper/TextEval_1.5/rest/00680334-00232201.gt4hist.xml.txt,,,,"extr","0065,0078,0074,0072","ic","0069,0063","misrecognised","1"
/home/cnd/tmp/dev/ocr_eval_paper/TextEval_1.5/rest/00680334.gt.xml.txt,/home/cnd/tmp/dev/ocr_eval_paper/TextEval_1.5/rest/00680334-00232201.gt4hist.xml.txt,,,,"b","0062","E","0045","misrecognised","1"
/home/cnd/tmp/dev/ocr_eval_paper/TextEval_1.5/rest/00680334.gt.xml.txt,/home/cnd/tmp/dev/ocr_eval_paper/TextEval_1.5/rest/00680334-00232201.gt4hist.xml.txt,,,,"h","0068","","","none","2"
/home/cnd/tmp/dev/ocr_eval_paper/TextEval_1.5/rest/00680334.gt.xml.txt,/home/cnd/tmp/dev/ocr_eval_paper/TextEval_1.5/rest/00680334-00232201.gt4hist.xml.txt,,,,"n,","006e,002c","ũ ·","0169,0020,00b7","misrecognised","1"
/home/cnd/tmp/dev/ocr_eval_paper/TextEval_1.5/rest/00680334.gt.xml.txt,/home/cnd/tmp/dev/ocr_eval_paper/TextEval_1.5/rest/00680334-00232201.gt4hist.xml.txt,,,,"d","0064","","","none","1"
/home/cnd/tmp/dev/ocr_eval_paper/TextEval_1.5/rest/00680334.gt.xml.txt,/home/cnd/tmp/dev/ocr_eval_paper/TextEval_1.5/rest/00680334-00232201.gt4hist.xml.txt,,,,"n, ","006e,002c,0020","","","none","1"
/home/cnd/tmp/dev/ocr_eval_paper/TextEval_1.5/rest/00680334.gt.xml.txt,/home/cnd/tmp/dev/ocr_eval_paper/TextEval_1.5/rest/00680334-00232201.gt4hist.xml.txt,,,,"ſ","017f","f ","0066,0020","misrecognised","1"
/home/cnd/tmp/dev/ocr_eval_paper/TextEval_1.5/rest/00680334.gt.xml.txt,/home/cnd/tmp/dev/ocr_eval_paper/TextEval_1.5/rest/00680334-00232201.gt4hist.xml.txt,,,,"rervfä","0072,0065,0072,0076,0066,00e4","F","0046","misrecognised","1"
/home/cnd/tmp/dev/ocr_eval_paper/TextEval_1.5/rest/00680334.gt.xml.txt,/home/cnd/tmp/dev/ocr_eval_paper/TextEval_1.5/rest/00680334-00232201.gt4hist.xml.txt,,,,"lag","006c,0061,0067","","","none","1"
/home/cnd/tmp/dev/ocr_eval_paper/TextEval_1.5/rest/00680334.gt.xml.txt,/home/cnd/tmp/dev/ocr_eval_paper/TextEval_1.5/rest/00680334-00232201.gt4hist.xml.txt,,,,"ußfa","0075,00df,0066,0061","","","none","1"
/home/cnd/tmp/dev/ocr_eval_paper/TextEval_1.5/rest/00680334.gt.xml.txt,/home/cnd/tmp/dev/ocr_eval_paper/TextEval_1.5/rest/00680334-00232201.gt4hist.xml.txt,,,,"v","0076","c","0063","misrecognised","1"
/home/cnd/tmp/dev/ocr_eval_paper/TextEval_1.5/rest/00680334.gt.xml.txt,/home/cnd/tmp/dev/ocr_eval_paper/TextEval_1.5/rest/00680334-00232201.gt4hist.xml.txt,,,,"s","0073","e-","0065,002d","misrecognised","1"
/home/cnd/tmp/dev/ocr_eval_paper/TextEval_1.5/rest/00680334.gt.xml.txt,/home/cnd/tmp/dev/ocr_eval_paper/TextEval_1.5/rest/00680334-00232201.gt4hist.xml.txt,,,,"n","006e","ü","00fc","misrecognised","1"
/home/cnd/tmp/dev/ocr_eval_paper/TextEval_1.5/rest/00680334.gt.xml.txt,/home/cnd/tmp/dev/ocr_eval_paper/TextEval_1.5/rest/00680334-00232201.gt4hist.xml.txt,,,,"o","006f","a","0061","misrecognised","1"
/home/cnd/tmp/dev/ocr_eval_paper/TextEval_1.5/rest/00680334.gt.xml.txt,/home/cnd/tmp/dev/ocr_eval_paper/TextEval_1.5/rest/00680334-00232201.gt4hist.xml.txt,,,,"miedſ","006d,0069,0065,0064,017f","","","none","1"
/home/cnd/tmp/dev/ocr_eval_paper/TextEval_1.5/rest/00680334.gt.xml.txt,/home/cnd/tmp/dev/ocr_eval_paper/TextEval_1.5/rest/00680334-00232201.gt4hist.xml.txt,,,,"ege","0065,0067,0065","","","none","1"
/home/cnd/tmp/dev/ocr_eval_paper/TextEval_1.5/rest/00680334.gt.xml.txt,/home/cnd/tmp/dev/ocr_eval_paper/TextEval_1.5/rest/00680334-00232201.gt4hist.xml.txt,,,,",","002c","·","00b7","misrecognised","1"
/home/cnd/tmp/dev/ocr_eval_paper/TextEval_1.5/rest/00680334.gt.xml.txt,/home/cnd/tmp/dev/ocr_eval_paper/TextEval_1.5/rest/00680334-00232201.gt4hist.xml.txt,,,,"oder Ce","006f,0064,0065,0072,0020,0043,0065","","","none","1"
/home/cnd/tmp/dev/ocr_eval_paper/TextEval_1.5/rest/00680334.gt.xml.txt,/home/cnd/tmp/dev/ocr_eval_paper/TextEval_1.5/rest/00680334-00232201.gt4hist.xml.txt,,,,"es derge⸗","0065,0073,0020,0064,0065,0072,0067,0065,2e17","","","none","1"
/home/cnd/tmp/dev/ocr_eval_paper/TextEval_1.5/rest/00680334.gt.xml.txt,/home/cnd/tmp/dev/ocr_eval_paper/TextEval_1.5/rest/00680334-00232201.gt4hist.xml.txt,,,,"egitimiren,","0065,0067,0069,0074,0069,006d,0069,0072,0065,006e,002c","","","none","1"
/home/cnd/tmp/dev/ocr_eval_paper/TextEval_1.5/rest/00680334.gt.xml.txt,/home/cnd/tmp/dev/ocr_eval_paper/TextEval_1.5/rest/00680334-00232201.gt4hist.xml.txt,,,,"eph Mayr f","0065,0070,0068,0020,004d,0061,0079,0072,0020,0066","","","none","1"
/home/cnd/tmp/dev/ocr_eval_paper/TextEval_1.5/rest/00680334.gt.xml.txt,/home/cnd/tmp/dev/ocr_eval_paper/TextEval_1.5/rest/00680334-00232201.gt4hist.xml.txt,,,,"ehendes","0065,0068,0065,006e,0064,0065,0073","","","none","1"
/home/cnd/tmp/dev/ocr_eval_paper/TextEval_1.5/rest/00680334.gt.xml.txt,/home/cnd/tmp/dev/ocr_eval_paper/TextEval_1.5/rest/00680334-00232201.gt4hist.xml.txt,,,,"ann","0061,006e,006e","","","none","1"
/home/cnd/tmp/dev/ocr_eval_paper/TextEval_1.5/rest/00680334.gt.xml.txt,/home/cnd/tmp/dev/ocr_eval_paper/TextEval_1.5/rest/00680334-00232201.gt4hist.xml.txt,,,," le","0020,006c,0065","","","none","1"
/home/cnd/tmp/dev/ocr_eval_paper/TextEval_1.5/rest/00680334.gt.xml.txt,/home/cnd/tmp/dev/ocr_eval_paper/TextEval_1.5/rest/00680334-00232201.gt4hist.xml.txt,,,,"
einge","000a,0065,0069,006e,0067,0065","","","none","1"
/home/cnd/tmp/dev/ocr_eval_paper/TextEval_1.5/rest/00680334.gt.xml.txt,/home/cnd/tmp/dev/ocr_eval_paper/TextEval_1.5/rest/00680334-00232201.gt4hist.xml.txt,,,,". Augu","002e,0020,0041,0075,0067,0075","","","none","1"
/home/cnd/tmp/dev/ocr_eval_paper/TextEval_1.5/rest/00680334.gt.xml.txt,/home/cnd/tmp/dev/ocr_eval_paper/TextEval_1.5/rest/00680334-00232201.gt4hist.xml.txt,,,,"r","0072","ü","00fc","misrecognised","1"
/home/cnd/tmp/dev/ocr_eval_paper/TextEval_1.5/rest/00680334.gt.xml.txt,/home/cnd/tmp/dev/ocr_eval_paper/TextEval_1.5/rest/00680334-00232201.gt4hist.xml.txt,,,,"eriſ","0065,0072,0069,017f","","","none","1"
/home/cnd/tmp/dev/ocr_eval_paper/TextEval_1.5/rest/00680334.gt.xml.txt,/home/cnd/tmp/dev/ocr_eval_paper/TextEval_1.5/rest/00680334-00232201.gt4hist.xml.txt,,,,"oﬀ","006f,fb00","dſ","0064,017f","misrecognised","1"
/home/cnd/tmp/dev/ocr_eval_paper/TextEval_1.5/rest/00680334.gt.xml.txt,/home/cnd/tmp/dev/ocr_eval_paper/TextEval_1.5/rest/00680334-00232201.gt4hist.xml.txt,,,,"er","0065,0072","","","none","1"
/home/cnd/tmp/dev/ocr_eval_paper/TextEval_1.5/rest/00680334.gt.xml.txt,/home/cnd/tmp/dev/ocr_eval_paper/TextEval_1.5/rest/00680334-00232201.gt4hist.xml.txt,,,,"ung","0075,006e,0067","","","none","1"
/home/cnd/tmp/dev/ocr_eval_paper/TextEval_1.5/rest/00680334.gt.xml.txt,/home/cnd/tmp/dev/ocr_eval_paper/TextEval_1.5/rest/00680334-00232201.gt4hist.xml.txt,,,,"äten gewi","00e4,0074,0065,006e,0020,0067,0065,0077,0069","","","none","1"
/home/cnd/tmp/dev/ocr_eval_paper/TextEval_1.5/rest/00680334.gt.xml.txt,/home/cnd/tmp/dev/ocr_eval_paper/TextEval_1.5/rest/00680334-00232201.gt4hist.xml.txt,,,,"
de","000a,0064,0065","","","none","1"
/home/cnd/tmp/dev/ocr_eval_paper/TextEval_1.5/rest/00680334.gt.xml.txt,/home/cnd/tmp/dev/ocr_eval_paper/TextEval_1.5/rest/00680334-00232201.gt4hist.xml.txt,,,,"o","006f","s","0073","misrecognised","1"
/home/cnd/tmp/dev/ocr_eval_paper/TextEval_1.5/rest/00680334.gt.xml.txt,/home/cnd/tmp/dev/ocr_eval_paper/TextEval_1.5/rest/00680334-00232201.gt4hist.xml.txt,,,,"ﬂ","fb02","fl","0066,006c","misrecognised","3"
/home/cnd/tmp/dev/ocr_eval_paper/TextEval_1.5/rest/00680334.gt.xml.txt,/home/cnd/tmp/dev/ocr_eval_paper/TextEval_1.5/rest/00680334-00232201.gt4hist.xml.txt,,,,"","","r ","0072,0020","false detection","1"
/home/cnd/tmp/dev/ocr_eval_paper/TextEval_1.5/rest/00680334.gt.xml.txt,/home/cnd/tmp/dev/ocr_eval_paper/TextEval_1.5/rest/00680334-00232201.gt4hist.xml.txt,,,,"","eba6,f502","fſch","0066,017f,0063,0068","misrecognised","1"
/home/cnd/tmp/dev/ocr_eval_paper/TextEval_1.5/rest/00680334.gt.xml.txt,/home/cnd/tmp/dev/ocr_eval_paper/TextEval_1.5/rest/00680334-00232201.gt4hist.xml.txt,,,,"be","0062,0065","","","none","1"
/home/cnd/tmp/dev/ocr_eval_paper/TextEval_1.5/rest/00680334.gt.xml.txt,/home/cnd/tmp/dev/ocr_eval_paper/TextEval_1.5/rest/00680334-00232201.gt4hist.xml.txt,,,,"er vo","0065,0072,0020,0076,006f","","","none","1"
/home/cnd/tmp/dev/ocr_eval_paper/TextEval_1.5/rest/00680334.gt.xml.txt,/home/cnd/tmp/dev/ocr_eval_paper/TextEval_1.5/rest/00680334-00232201.gt4hist.xml.txt,,,,"vo","0076,006f","","","miss","1"
/home/cnd/tmp/dev/ocr_eval_paper/TextEval_1.5/rest/00680334.gt.xml.txt,/home/cnd/tmp/dev/ocr_eval_paper/TextEval_1.5/rest/00680334-00232201.gt4hist.xml.txt,,,,"g","0067","b","0062","misrecognised","1"
/home/cnd/tmp/dev/ocr_eval_paper/TextEval_1.5/rest/00680334.gt.xml.txt,/home/cnd/tmp/dev/ocr_eval_paper/TextEval_1.5/rest/00680334-00232201.gt4hist.xml.txt,,,,"Eteuern","0045,0074,0065,0075,0065,0072,006e","—","2014","misrecognised","1"
/home/cnd/tmp/dev/ocr_eval_paper/TextEval_1.5/rest/00680334.gt.xml.txt,/home/cnd/tmp/dev/ocr_eval_paper/TextEval_1.5/rest/00680334-00232201.gt4hist.xml.txt,,,,"un","0075,006e","— ","2014,0020","misrecognised","1"
/home/cnd/tmp/dev/ocr_eval_paper/TextEval_1.5/rest/00680334.gt.xml.txt,/home/cnd/tmp/dev/ocr_eval_paper/TextEval_1.5/rest/00680334-00232201.gt4hist.xml.txt,,,,"A","0041","O","004f","misrecognised","1"
/home/cnd/tmp/dev/ocr_eval_paper/TextEval_1.5/rest/00680334.gt.xml.txt,/home/cnd/tmp/dev/ocr_eval_paper/TextEval_1.5/rest/00680334-00232201.gt4hist.xml.txt,,,,"la","006c,0061","in","0069,006e","misrecognised","1"
/home/cnd/tmp/dev/ocr_eval_paper/TextEval_1.5/rest/00680334.gt.xml.txt,/home/cnd/tmp/dev/ocr_eval_paper/TextEval_1.5/rest/00680334-00232201.gt4hist.xml.txt,,,,"Rüt","0052,00fc,eec4,eba2,f502,0074","—— —  —","2014,2014,0020,2014,0020,0020,2014","misrecognised","1"
/home/cnd/tmp/dev/ocr_eval_paper/TextEval_1.5/rest/00680334.gt.xml.txt,/home/cnd/tmp/dev/ocr_eval_paper/TextEval_1.5/rest/00680334-00232201.gt4hist.xml.txt,,,," G","0020,0047","","","none","1"
/home/cnd/tmp/dev/ocr_eval_paper/TextEval_1.5/rest/00680334.gt.xml.txt,/home/cnd/tmp/dev/ocr_eval_paper/TextEval_1.5/rest/00680334-00232201.gt4hist.xml.txt,,,,"5","0035","B","0042","misrecognised","1"
/home/cnd/tmp/dev/ocr_eval_paper/TextEval_1.5/rest/00680334.gt.xml.txt,/home/cnd/tmp/dev/ocr_eval_paper/TextEval_1.5/rest/00680334-00232201.gt4hist.xml.txt,,,,"v","0076","","","miss","1"
/home/cnd/tmp/dev/ocr_eval_paper/TextEval_1.5/rest/00680334.gt.xml.txt,/home/cnd/tmp/dev/ocr_eval_paper/TextEval_1.5/rest/00680334-00232201.gt4hist.xml.txt,,,,"ufer","0075,0066,0065,0072","","","none","1"
/home/cnd/tmp/dev/ocr_eval_paper/TextEval_1.5/rest/00680334.gt.xml.txt,/home/cnd/tmp/dev/ocr_eval_paper/TextEval_1.5/rest/00680334-00232201.gt4hist.xml.txt,,,,"it","0069,0074","","","miss","1"
/home/cnd/tmp/dev/ocr_eval_paper/TextEval_1.5/rest/00680334.gt.xml.txt,/home/cnd/tmp/dev/ocr_eval_paper/TextEval_1.5/rest/00680334-00232201.gt4hist.xml.txt,,,,"","eba2","ſt","017f,0074","misrecognised","1"
/home/cnd/tmp/dev/ocr_eval_paper/TextEval_1.5/rest/00680334.gt.xml.txt,/home/cnd/tmp/dev/ocr_eval_paper/TextEval_1.5/rest/00680334-00232201.gt4hist.xml.txt,,,," geſ","0020,0067,0065,017f","","","none","1"
/home/cnd/tmp/dev/ocr_eval_paper/TextEval_1.5/rest/00680334.gt.xml.txt,/home/cnd/tmp/dev/ocr_eval_paper/TextEval_1.5/rest/00680334-00232201.gt4hist.xml.txt,,,," in der hie","0020,0069,006e,0020,0064,0065,0072,0020,0068,0069,0065","","","none","1"
/home/cnd/tmp/dev/ocr_eval_paper/TextEval_1.5/rest/00680334.gt.xml.txt,/home/cnd/tmp/dev/ocr_eval_paper/TextEval_1.5/rest/00680334-00232201.gt4hist.xml.txt,,,,"N","004e","U","0055","misrecognised","1"
/home/cnd/tmp/dev/ocr_eval_paper/TextEval_1.5/rest/00680334.gt.xml.txt,/home/cnd/tmp/dev/ocr_eval_paper/TextEval_1.5/rest/00680334-00232201.gt4hist.xml.txt,,,,"he","0068,0065","","","none","2"
/home/cnd/tmp/dev/ocr_eval_paper/TextEval_1.5/rest/00680334.gt.xml.txt,/home/cnd/tmp/dev/ocr_eval_paper/TextEval_1.5/rest/00680334-00232201.gt4hist.xml.txt,,,," Geſe","0020,0047,0065,017f,0065","","","none","1"
/home/cnd/tmp/dev/ocr_eval_paper/TextEval_1.5/rest/00680334.gt.xml.txt,/home/cnd/tmp/dev/ocr_eval_paper/TextEval_1.5/rest/00680334-00232201.gt4hist.xml.txt,,,,"100","0031,0030,0030","acc","0061,0063,0063","misrecognised","1"
/home/cnd/tmp/dev/ocr_eval_paper/TextEval_1.5/rest/00680334.gt.xml.txt,/home/cnd/tmp/dev/ocr_eval_paper/TextEval_1.5/rest/00680334-00232201.gt4hist.xml.txt,,,,"jd","006a,0064","","","miss","1"
/home/cnd/tmp/dev/ocr_eval_paper/TextEval_1.5/rest/00680334.gt.xml.txt,/home/cnd/tmp/dev/ocr_eval_paper/TextEval_1.5/rest/00680334-00232201.gt4hist.xml.txt,,,,"ir","0069,0072","n","006e","misrecognised","1"
/home/cnd/tmp/dev/ocr_eval_paper/TextEval_1.5/rest/00680334.gt.xml.txt,/home/cnd/tmp/dev/ocr_eval_paper/TextEval_1.5/rest/00680334-00232201.gt4hist.xml.txt,,,,"⸗","2e17","-,","002d,002c","misrecognised","1"
/home/cnd/tmp/dev/ocr_eval_paper/TextEval_1.5/rest/00680334.gt.xml.txt,/home/cnd/tmp/dev/ocr_eval_paper/TextEval_1.5/rest/00680334-00232201.gt4hist.xml.txt,,,,"if","0069,0066","","","none","1"
/home/cnd/tmp/dev/ocr_eval_paper/TextEval_1.5/rest/00680334.gt.xml.txt,/home/cnd/tmp/dev/ocr_eval_paper/TextEval_1.5/rest/00680334-00232201.gt4hist.xml.txt,,,,"z","007a","J","004a","misrecognised","1"
/home/cnd/tmp/dev/ocr_eval_paper/TextEval_1.5/rest/00680334.gt.xml.txt,/home/cnd/tmp/dev/ocr_eval_paper/TextEval_1.5/rest/00680334-00232201.gt4hist.xml.txt,,,,"s o","0073,0020,006f","","","miss","1"
/home/cnd/tmp/dev/ocr_eval_paper/TextEval_1.5/rest/00680334.gt.xml.txt,/home/cnd/tmp/dev/ocr_eval_paper/TextEval_1.5/rest/00680334-00232201.gt4hist.xml.txt,,,,"ngs","006e,0067,0073","","","none","1"
/home/cnd/tmp/dev/ocr_eval_paper/TextEval_1.5/rest/00680334.gt.xml.txt,/home/cnd/tmp/dev/ocr_eval_paper/TextEval_1.5/rest/00680334-00232201.gt4hist.xml.txt,,,,"ung ","0075,006e,0067,0020","","","none","1"
/home/cnd/tmp/dev/ocr_eval_paper/TextEval_1.5/rest/00680334.gt.xml.txt,/home/cnd/tmp/dev/ocr_eval_paper/TextEval_1.5/rest/00680334-00232201.gt4hist.xml.txt,,,,"h⸗","0068,2e17","","","none","1"
/home/cnd/tmp/dev/ocr_eval_paper/TextEval_1.5/rest/00680334.gt.xml.txt,/home/cnd/tmp/dev/ocr_eval_paper/TextEval_1.5/rest/00680334-00232201.gt4hist.xml.txt,,,,"S","0053,f502","Ech","0045,0063,0068","misrecognised","1"
/home/cnd/tmp/dev/ocr_eval_paper/TextEval_1.5/rest/00680334.gt.xml.txt,/home/cnd/tmp/dev/ocr_eval_paper/TextEval_1.5/rest/00680334-00232201.gt4hist.xml.txt,,,,"rti","0072,0074,0069","","","none","1"
/home/cnd/tmp/dev/ocr_eval_paper/TextEval_1.5/rest/00680334.gt.xml.txt,/home/cnd/tmp/dev/ocr_eval_paper/TextEval_1.5/rest/00680334-00232201.gt4hist.xml.txt,,,,"eser⸗","0065,0073,0065,0072,2e17","","","none","1"
/home/cnd/tmp/dev/ocr_eval_paper/TextEval_1.5/rest/00680334.gt.xml.txt,/home/cnd/tmp/dev/ocr_eval_paper/TextEval_1.5/rest/00680334-00232201.gt4hist.xml.txt,,,,"","eba7","ſſi","017f,017f,0069","misrecognised","1"
/home/cnd/tmp/dev/ocr_eval_paper/TextEval_1.5/rest/00680334.gt.xml.txt,/home/cnd/tmp/dev/ocr_eval_paper/TextEval_1.5/rest/00680334-00232201.gt4hist.xml.txt,,,,"aß","0061,00df","dũ","0064,0169","misrecognised","1"
/home/cnd/tmp/dev/ocr_eval_paper/TextEval_1.5/rest/00680334.gt.xml.txt,/home/cnd/tmp/dev/ocr_eval_paper/TextEval_1.5/rest/00680334-00232201.gt4hist.xml.txt,,,,"te ſo gewi","0074,0065,0020,017f,006f,0020,0067,0065,0077,0069","","","none","1"
/home/cnd/tmp/dev/ocr_eval_paper/TextEval_1.5/rest/00680334.gt.xml.txt,/home/cnd/tmp/dev/ocr_eval_paper/TextEval_1.5/rest/00680334-00232201.gt4hist.xml.txt,,,,"ſ","017f","l","006c","misrecognised","1"
/home/cnd/tmp/dev/ocr_eval_paper/TextEval_1.5/rest/00680334.gt.xml.txt,/home/cnd/tmp/dev/ocr_eval_paper/TextEval_1.5/rest/00680334-00232201.gt4hist.xml.txt,,,,"
tod","000a,0074,006f,0064","","","none","1"
/home/cnd/tmp/dev/ocr_eval_paper/TextEval_1.5/rest/00680334.gt.xml.txt,/home/cnd/tmp/dev/ocr_eval_paper/TextEval_1.5/rest/00680334-00232201.gt4hist.xml.txt,,,,". be","002e,0020,0062,0065","","","none","1"
/home/cnd/tmp/dev/ocr_eval_paper/TextEval_1.5/rest/00680334.gt.xml.txt,/home/cnd/tmp/dev/ocr_eval_paper/TextEval_1.5/rest/00680334-00232201.gt4hist.xml.txt,,,," Verm","0020,0056,0065,0072,006d","","","none","1"
/home/cnd/tmp/dev/ocr_eval_paper/TextEval_1.5/rest/00680334.gt.xml.txt,/home/cnd/tmp/dev/ocr_eval_paper/TextEval_1.5/rest/00680334-00232201.gt4hist.xml.txt,,,,"﻿�","feff,fffd","k","006b","misrecognised","1"
/home/cnd/tmp/dev/ocr_eval_paper/TextEval_1.5/rest/00680334.gt.xml.txt,/home/cnd/tmp/dev/ocr_eval_paper/TextEval_1.5/rest/00680334-00232201.gt4hist.xml.txt,,,," den ","0020,0064,0065,006e,0020","","","none","1"
/home/cnd/tmp/dev/ocr_eval_paper/TextEval_1.5/rest/00680334.gt.xml.txt,/home/cnd/tmp/dev/ocr_eval_paper/TextEval_1.5/rest/00680334-00232201.gt4hist.xml.txt,,,,"n","006e","us","0075,0073","misrecognised","1"
/home/cnd/tmp/dev/ocr_eval_paper/TextEval_1.5/rest/00680334.gt.xml.txt,/home/cnd/tmp/dev/ocr_eval_paper/TextEval_1.5/rest/00680334-00232201.gt4hist.xml.txt,,,," f","0020,0066","","","none","1"
/home/cnd/tmp/dev/ocr_eval_paper/TextEval_1.5/rest/00680334.gt.xml.txt,/home/cnd/tmp/dev/ocr_eval_paper/TextEval_1.5/rest/00680334-00232201.gt4hist.xml.txt,,,,"
rea","000a,0072,0065,0061","","","none","1"
/home/cnd/tmp/dev/ocr_eval_paper/TextEval_1.5/rest/00680334.gt.xml.txt,/home/cnd/tmp/dev/ocr_eval_paper/TextEval_1.5/rest/00680334-00232201.gt4hist.xml.txt,,,," worden","0020,0077,006f,0072,0064,0065,006e","","","none","1"
/home/cnd/tmp/dev/ocr_eval_paper/TextEval_1.5/rest/00680334.gt.xml.txt,/home/cnd/tmp/dev/ocr_eval_paper/TextEval_1.5/rest/00680334-00232201.gt4hist.xml.txt,,,,"a","0061","","","miss","2"
/home/cnd/tmp/dev/ocr_eval_paper/TextEval_1.5/rest/00680334.gt.xml.txt,/home/cnd/tmp/dev/ocr_eval_paper/TextEval_1.5/rest/00680334-00232201.gt4hist.xml.txt,,,,"ü","00fc","a","0061","misrecognised","1"
/home/cnd/tmp/dev/ocr_eval_paper/TextEval_1.5/rest/00680334.gt.xml.txt,/home/cnd/tmp/dev/ocr_eval_paper/TextEval_1.5/rest/00680334-00232201.gt4hist.xml.txt,,,,"ige G","0069,0067,0065,0020,0047","","","none","1"
/home/cnd/tmp/dev/ocr_eval_paper/TextEval_1.5/rest/00680334.gt.xml.txt,/home/cnd/tmp/dev/ocr_eval_paper/TextEval_1.5/rest/00680334-00232201.gt4hist.xml.txt,,,,"ur","0075,0072,eada","ntſt","006e,0074,017f,0074","misrecognised","1"
/home/cnd/tmp/dev/ocr_eval_paper/TextEval_1.5/rest/00680334.gt.xml.txt,/home/cnd/tmp/dev/ocr_eval_paper/TextEval_1.5/rest/00680334-00232201.gt4hist.xml.txt,,,,"ber.","0062,0065,0072,002e","","","none","1"
/home/cnd/tmp/dev/ocr_eval_paper/TextEval_1.5/rest/00680334.gt.xml.txt,/home/cnd/tmp/dev/ocr_eval_paper/TextEval_1.5/rest/00680334-00232201.gt4hist.xml.txt,,,,"t","0074","n","006e","misrecognised","1"
/home/cnd/tmp/dev/ocr_eval_paper/TextEval_1.5/rest/00680334.gt.xml.txt,/home/cnd/tmp/dev/ocr_eval_paper/TextEval_1.5/rest/00680334-00232201.gt4hist.xml.txt,,,,"b","0062,eada","öſt","00f6,017f,0074","misrecognised","1"
/home/cnd/tmp/dev/ocr_eval_paper/TextEval_1.5/rest/00680334.gt.xml.txt,/home/cnd/tmp/dev/ocr_eval_paper/TextEval_1.5/rest/00680334-00232201.gt4hist.xml.txt,,,,"s den 29.","0073,0020,0064,0065,006e,0020,0032,0039,002e","","","none","1"
/home/cnd/tmp/dev/ocr_eval_paper/TextEval_1.5/rest/00680334.gt.xml.txt,/home/cnd/tmp/dev/ocr_eval_paper/TextEval_1.5/rest/00680334-00232201.gt4hist.xml.txt,,,,"ß an dieſem","00df,0020,0061,006e,0020,0064,0069,0065,017f,0065,006d","","","none","1"
/home/cnd/tmp/dev/ocr_eval_paper/TextEval_1.5/rest/00680334.gt.xml.txt,/home/cnd/tmp/dev/ocr_eval_paper/TextEval_1.5/rest/00680334-00232201.gt4hist.xml.txt,,,,"","eedc","iz","0069,007a","misrecognised","1"
/home/cnd/tmp/dev/ocr_eval_paper/TextEval_1.5/rest/00680334.gt.xml.txt,/home/cnd/tmp/dev/ocr_eval_paper/TextEval_1.5/rest/00680334-00232201.gt4hist.xml.txt,,,,"
Kaiſerli Königlies Gerit Hall
den 5","000a,004b,0061,0069,017f,0065,0072,006c,0069,f502,0020,004b,00f6,006e,0069,0067,006c,0069,f502,0065,0073,0020,0047,0065,0072,0069,f502,0074,0020,0048,0061,006c,006c,000a,0064,0065,006e,0020,0035","","","miss","1"
/home/cnd/tmp/dev/ocr_eval_paper/TextEval_1.5/rest/00680334.gt.xml.txt,/home/cnd/tmp/dev/ocr_eval_paper/TextEval_1.5/rest/00680334-00232201.gt4hist.xml.txt,,,,"Augu 1817.
Attlwäyr, Landriter.
Kink, Adjitnkt.
3 Von dem k. k. Landgerite Vruneen wird hiemit
gekannt gemat, daß auf Anſuen des Anton Obwexer,
bürgerlien Kirſnermeier allda, als Vormund der vom
verlebten Herrn Lukas Steiner, Handelsmann zu Bru⸗
neen aus Anna Salneriſer Ehe vo handenen einzi⸗
gen no minderjährigen Toter, über erhaltener Bewil⸗
ligung öﬀentli verſteigert werde :
Tobla den 12. Augu 1817.
Hueber, Niter.
Hiefür i einſließli der bei dieſem Haus beehen⸗
den reellen Baeersgereeſame der Ausruſspreis 1100 ﬂ.
Bedingnie.","0041,0075,0067,0075,eada,0020,0031,0038,0031,0037,002e,000a,0041,0074,0074,006c,0077,00e4,0079,0072,002c,0020,004c,0061,006e,0064,0072,0069,f502,0074,0065,0072,002e,000a,004b,0069,006e,006b,002c,0020,0041,0064,006a,0069,0074,006e,006b,0074,002e,000a,0033,0020,0056,006f,006e,0020,0064,0065,006d,0020,006b,002e,0020,006b,002e,0020,004c,0061,006e,0064,0067,0065,0072,0069,f502,0074,0065,0020,0056,0072,0075,006e,0065,eec4,0065,006e,0020,0077,0069,0072,0064,0020,0068,0069,0065,006d,0069,0074,000a,0067,0065,006b,0061,006e,006e,0074,0020,0067,0065,006d,0061,f502,0074,002c,0020,0064,0061,00df,0020,0061,0075,0066,0020,0041,006e,017f,0075,f502,0065,006e,0020,0064,0065,0073,0020,0041,006e,0074,006f,006e,0020,004f,0062,0077,0065,0078,0065,0072,002c,000a,0062,00fc,0072,0067,0065,0072,006c,0069,f502,0065,006e,0020,004b,0069,0072,017f,f502,006e,0065,0072,006d,0065,0069,eada,0065,0072,0020,0061,006c,006c,0064,0061,002c,0020,0061,006c,0073,0020,0056,006f,0072,006d,0075,006e,0064,0020,0064,0065,0072,0020,0076,006f,006d,000a,0076,0065,0072,006c,0065,0062,0074,0065,006e,0020,0048,0065,0072,0072,006e,0020,004c,0075,006b,0061,0073,0020,0053,0074,0065,0069,006e,0065,0072,002c,0020,0048,0061,006e,0064,0065,006c,0073,006d,0061,006e,006e,0020,007a,0075,0020,0042,0072,0075,2e17,000a,006e,0065,eec4,0065,006e,0020,0061,0075,0073,0020,0041,006e,006e,0061,0020,0053,0061,006c,f502,006e,0065,0072,0069,017f,f502,0065,0072,0020,0045,0068,0065,0020,0076,006f,0020,0068,0061,006e,0064,0065,006e,0065,006e,0020,0065,0069,006e,007a,0069,2e17,000a,0067,0065,006e,0020,006e,006f,f502,0020,006d,0069,006e,0064,0065,0072,006a,00e4,0068,0072,0069,0067,0065,006e,0020,0054,006f,f502,0074,0065,0072,002c,0020,00fc,0062,0065,0072,0020,0065,0072,0068,0061,006c,0074,0065,006e,0065,0072,0020,0042,0065,0077,0069,006c,2e17,000a,006c,0069,0067,0075,006e,0067,0020,00f6,fb00,0065,006e,0074,006c,0069,f502,0020,0076,0065,0072,017f,0074,0065,0069,0067,0065,0072,0074,0020,0077,0065,0072,0064,0065,0020,003a,000a,0054,006f,0062,006c,0061,f502,0020,0064,0065,006e,0020,0031,0032,002e,0020,0041,0075,0067,0075,eada,0020,0031,0038,0031,0037,002e,000a,0048,0075,0065,0062,0065,0072,002c,0020,004e,0069,f502,0074,0065,0072,002e,000a,0048,0069,0065,0066,00fc,0072,0020,0069,eada,0020,0065,0069,006e,017f,f502,006c,0069,0065,00df,006c,0069,f502,0020,0064,0065,0072,0020,0062,0065,0069,0020,0064,0069,0065,017f,0065,006d,0020,0048,0061,0075,0073,0020,0062,0065,eada,0065,0068,0065,006e,2e17,000a,0064,0065,006e,0020,0072,0065,0065,006c,006c,0065,006e,0020,0042,0061,eec4,0065,0065,0072,0073,0067,0065,0072,0065,f502,0065,017f,0061,006d,0065,0020,0064,0065,0072,0020,0041,0075,0073,0072,0075,017f,0073,0070,0072,0065,0069,0073,0020,0031,0031,0030,0030,0020,fb02,002e,000a,0042,0065,0064,0069,006e,0067,006e,0069,eba6,0065,002e","","","miss","1"
/home/cnd/tmp/dev/ocr_eval_paper/TextEval_1.5/rest/00680334.gt.xml.txt,/home/cnd/tmp/dev/ocr_eval_paper/TextEval_1.5/rest/00680334-00232201.gt4hist.xml.txt,,,,"len.","006c,0065,006e,002e"," ","0020","misrecognised","1"
/home/cnd/tmp/dev/ocr_eval_paper/TextEval_1.5/rest/00680334.gt.xml.txt,/home/cnd/tmp/dev/ocr_eval_paper/TextEval_1.5/rest/00680334-00232201.gt4hist.xml.txt,,,,"5","0035","3","0033","misrecognised","1"
/home/cnd/tmp/dev/ocr_eval_paper/TextEval_1.5/rest/00680334.gt.xml.txt,/home/cnd/tmp/dev/ocr_eval_paper/TextEval_1.5/rest/00680334-00232201.gt4hist.xml.txt,,,,"zi","007a,0069","","","none","1"
/home/cnd/tmp/dev/ocr_eval_paper/TextEval_1.5/rest/00680334.gt.xml.txt,/home/cnd/tmp/dev/ocr_eval_paper/TextEval_1.5/rest/00680334-00232201.gt4hist.xml.txt,,,,"Ze","005a,0065","St","0053,0074","misrecognised","1"
/home/cnd/tmp/dev/ocr_eval_paper/TextEval_1.5/rest/00680334.gt.xml.txt,/home/cnd/tmp/dev/ocr_eval_paper/TextEval_1.5/rest/00680334-00232201.gt4hist.xml.txt,,,,"l","f502,006c","chi","0063,0068,0069","misrecognised","1"
/home/cnd/tmp/dev/ocr_eval_paper/TextEval_1.5/rest/00680334.gt.xml.txt,/home/cnd/tmp/dev/ocr_eval_paper/TextEval_1.5/rest/00680334-00232201.gt4hist.xml.txt,,,,"ber","0062,0065,0072","","","none","1"
/home/cnd/tmp/dev/ocr_eval_paper/TextEval_1.5/rest/00680334.gt.xml.txt,/home/cnd/tmp/dev/ocr_eval_paper/TextEval_1.5/rest/00680334-00232201.gt4hist.xml.txt,,,,"g","0067","J","004a","misrecognised","1"
/home/cnd/tmp/dev/ocr_eval_paper/TextEval_1.5/rest/00680334.gt.xml.txt,/home/cnd/tmp/dev/ocr_eval_paper/TextEval_1.5/rest/00680334-00232201.gt4hist.xml.txt,,,,"nwä","006e,0077,00e4","aia","0061,0069,0061","misrecognised","1"
/home/cnd/tmp/dev/ocr_eval_paper/TextEval_1.5/rest/00680334.gt.xml.txt,/home/cnd/tmp/dev/ocr_eval_paper/TextEval_1.5/rest/00680334-00232201.gt4hist.xml.txt,,,,"
ben","000a,0062,0065,006e","","","none","1"
/home/cnd/tmp/dev/ocr_eval_paper/TextEval_1.5/rest/00680334.gt.xml.txt,/home/cnd/tmp/dev/ocr_eval_paper/TextEval_1.5/rest/00680334-00232201.gt4hist.xml.txt,,,,". Geri","002e,0020,0047,0065,0072,0069","","","none","2"
/home/cnd/tmp/dev/ocr_eval_paper/TextEval_1.5/rest/00680334.gt.xml.txt,/home/cnd/tmp/dev/ocr_eval_paper/TextEval_1.5/rest/00680334-00232201.gt4hist.xml.txt,,,,"inen, und ","0069,006e,0065,006e,002c,0020,0075,006e,0064,0020","","","none","1"
/home/cnd/tmp/dev/ocr_eval_paper/TextEval_1.5/rest/00680334.gt.xml.txt,/home/cnd/tmp/dev/ocr_eval_paper/TextEval_1.5/rest/00680334-00232201.gt4hist.xml.txt,,,,"t er","0074,0020,0065,0072","","","none","1"
/home/cnd/tmp/dev/ocr_eval_paper/TextEval_1.5/rest/00680334.gt.xml.txt,/home/cnd/tmp/dev/ocr_eval_paper/TextEval_1.5/rest/00680334-00232201.gt4hist.xml.txt,,,,"36","0033,0036","","","none","1"
/home/cnd/tmp/dev/ocr_eval_paper/TextEval_1.5/rest/00680334.gt.xml.txt,/home/cnd/tmp/dev/ocr_eval_paper/TextEval_1.5/rest/00680334-00232201.gt4hist.xml.txt,,,,"g","0067","s","0073","misrecognised","2"
/home/cnd/tmp/dev/ocr_eval_paper/TextEval_1.5/rest/00680334.gt.xml.txt,/home/cnd/tmp/dev/ocr_eval_paper/TextEval_1.5/rest/00680334-00232201.gt4hist.xml.txt,,,,"li","006c,0069","n","006e","misrecognised","1"
/home/cnd/tmp/dev/ocr_eval_paper/TextEval_1.5/rest/00680334.gt.xml.txt,/home/cnd/tmp/dev/ocr_eval_paper/TextEval_1.5/rest/00680334-00232201.gt4hist.xml.txt,,,,"rde.","0072,0064,0065,002e","","","none","1"
/home/cnd/tmp/dev/ocr_eval_paper/TextEval_1.5/rest/00680334.gt.xml.txt,/home/cnd/tmp/dev/ocr_eval_paper/TextEval_1.5/rest/00680334-00232201.gt4hist.xml.txt,,,,"5","0035","","","miss","1"
/home/cnd/tmp/dev/ocr_eval_paper/TextEval_1.5/rest/00680334.gt.xml.txt,/home/cnd/tmp/dev/ocr_eval_paper/TextEval_1.5/rest/00680334-00232201.gt4hist.xml.txt,,,,"o","006f","ö","00f6","misrecognised","1"
/home/cnd/tmp/dev/ocr_eval_paper/TextEval_1.5/rest/00680334.gt.xml.txt,/home/cnd/tmp/dev/ocr_eval_paper/TextEval_1.5/rest/00680334-00232201.gt4hist.xml.txt,,,,": a","003a,0020,0061","","","none","1"
/home/cnd/tmp/dev/ocr_eval_paper/TextEval_1.5/rest/00680334.gt.xml.txt,/home/cnd/tmp/dev/ocr_eval_paper/TextEval_1.5/rest/00680334-00232201.gt4hist.xml.txt,,,,"r","0072","x","0078","misrecognised","1"
/home/cnd/tmp/dev/ocr_eval_paper/TextEval_1.5/rest/00680334.gt.xml.txt,/home/cnd/tmp/dev/ocr_eval_paper/TextEval_1.5/rest/00680334-00232201.gt4hist.xml.txt,,,,"lo","006c,006f","","","none","1"
/home/cnd/tmp/dev/ocr_eval_paper/TextEval_1.5/rest/00680334.gt.xml.txt,/home/cnd/tmp/dev/ocr_eval_paper/TextEval_1.5/rest/00680334-00232201.gt4hist.xml.txt,,,,"fr","0066,0072","ſt","017f,0074","misrecognised","1"
/home/cnd/tmp/dev/ocr_eval_paper/TextEval_1.5/rest/00680334.gt.xml.txt,/home/cnd/tmp/dev/ocr_eval_paper/TextEval_1.5/rest/00680334-00232201.gt4hist.xml.txt,,,,"
k","000a,006b","","","none","1"
/home/cnd/tmp/dev/ocr_eval_paper/TextEval_1.5/rest/00680334.gt.xml.txt,/home/cnd/tmp/dev/ocr_eval_paper/TextEval_1.5/rest/00680334-00232201.gt4hist.xml.txt,,,," ü","0020,00fc","uͤ","0075,0364","misrecognised","1"
/home/cnd/tmp/dev/ocr_eval_paper/TextEval_1.5/rest/00680334.gt.xml.txt,/home/cnd/tmp/dev/ocr_eval_paper/TextEval_1.5/rest/00680334-00232201.gt4hist.xml.txt,,,,"
Augu","000a,0041,0075,0067,0075","","","none","1"
/home/cnd/tmp/dev/ocr_eval_paper/TextEval_1.5/rest/00680334.gt.xml.txt,/home/cnd/tmp/dev/ocr_eval_paper/TextEval_1.5/rest/00680334-00232201.gt4hist.xml.txt,,,,"gen A","0067,0065,006e,0020,0041","","","none","1"
/home/cnd/tmp/dev/ocr_eval_paper/TextEval_1.5/rest/00680334.gt.xml.txt,/home/cnd/tmp/dev/ocr_eval_paper/TextEval_1.5/rest/00680334-00232201.gt4hist.xml.txt,,,,"
Tag","000a,0054,0061,0067","","","none","1"
/home/cnd/tmp/dev/ocr_eval_paper/TextEval_1.5/rest/00680334.gt.xml.txt,/home/cnd/tmp/dev/ocr_eval_paper/TextEval_1.5/rest/00680334-00232201.gt4hist.xml.txt,,,,"Ka","004b,0061","","","miss","1"
/home/cnd/tmp/dev/ocr_eval_paper/TextEval_1.5/rest/00680334.gt.xml.txt,/home/cnd/tmp/dev/ocr_eval_paper/TextEval_1.5/rest/00680334-00232201.gt4hist.xml.txt,,,,"ſ","017f","","","none","1"
/home/cnd/tmp/dev/ocr_eval_paper/TextEval_1.5/rest/00680334.gt.xml.txt,/home/cnd/tmp/dev/ocr_eval_paper/TextEval_1.5/rest/00680334-00232201.gt4hist.xml.txt,,,,"i","0069","g","0067","misrecognised","1"
/home/cnd/tmp/dev/ocr_eval_paper/TextEval_1.5/rest/00680334.gt.xml.txt,/home/cnd/tmp/dev/ocr_eval_paper/TextEval_1.5/rest/00680334-00232201.gt4hist.xml.txt,,,,"ü","00fc","A","0041","misrecognised","1"
/home/cnd/tmp/dev/ocr_eval_paper/TextEval_1.5/rest/00680334.gt.xml.txt,/home/cnd/tmp/dev/ocr_eval_paper/TextEval_1.5/rest/00680334-00232201.gt4hist.xml.txt,,,,"W","0057","V","0056","misrecognised","1"
/home/cnd/tmp/dev/ocr_eval_paper/TextEval_1.5/rest/00680334.gt.xml.txt,/home/cnd/tmp/dev/ocr_eval_paper/TextEval_1.5/rest/00680334-00232201.gt4hist.xml.txt,,,,"i","0069","m","006d","misrecognised","1"
/home/cnd/tmp/dev/ocr_eval_paper/TextEval_1.5/rest/00680334.gt.xml.txt,/home/cnd/tmp/dev/ocr_eval_paper/TextEval_1.5/rest/00680334-00232201.gt4hist.xml.txt,,,,"g","0067","a","0061","misrecognised","1"
/home/cnd/tmp/dev/ocr_eval_paper/TextEval_1.5/rest/00680334.gt.xml.txt,/home/cnd/tmp/dev/ocr_eval_paper/TextEval_1.5/rest/00680334-00232201.gt4hist.xml.txt,,,,"","","S","0053","false detection","1"
/home/cnd/tmp/dev/ocr_eval_paper/TextEval_1.5/rest/00680334.gt.xml.txt,/home/cnd/tmp/dev/ocr_eval_paper/TextEval_1.5/rest/00680334-00232201.gt4hist.xml.txt,,,," erſ","0020,0065,0072,017f","","","none","1"
/home/cnd/tmp/dev/ocr_eval_paper/TextEval_1.5/rest/00680334.gt.xml.txt,/home/cnd/tmp/dev/ocr_eval_paper/TextEval_1.5/rest/00680334-00232201.gt4hist.xml.txt,,,,"klä","006b,006c,00e4","tta","0074,0074,0061","misrecognised","1"
/home/cnd/tmp/dev/ocr_eval_paper/TextEval_1.5/rest/00680334.gt.xml.txt,/home/cnd/tmp/dev/ocr_eval_paper/TextEval_1.5/rest/00680334-00232201.gt4hist.xml.txt,,,,"","","in ","0069,006e,0020","false detection","1"
/home/cnd/tmp/dev/ocr_eval_paper/TextEval_1.5/rest/00680334.gt.xml.txt,/home/cnd/tmp/dev/ocr_eval_paper/TextEval_1.5/rest/00680334-00232201.gt4hist.xml.txt,,,,"d","0064","oö","006f,00f6","misrecognised","1"
/home/cnd/tmp/dev/ocr_eval_paper/TextEval_1.5/rest/00680334.gt.xml.txt,/home/cnd/tmp/dev/ocr_eval_paper/TextEval_1.5/rest/00680334-00232201.gt4hist.xml.txt,,,,"","","y","0079","false detection","1"
/home/cnd/tmp/dev/ocr_eval_paper/TextEval_1.5/rest/00680334.gt.xml.txt,/home/cnd/tmp/dev/ocr_eval_paper/TextEval_1.5/rest/00680334-00232201.gt4hist.xml.txt,,,,"Edi","0045,0064,0069","","","none","1"
/home/cnd/tmp/dev/ocr_eval_paper/TextEval_1.5/rest/00680334.gt.xml.txt,/home/cnd/tmp/dev/ocr_eval_paper/TextEval_1.5/rest/00680334-00232201.gt4hist.xml.txt,,,,"t","0074","ſ","017f","misrecognised","1"
/home/cnd/tmp/dev/ocr_eval_paper/TextEval_1.5/rest/00680334.gt.xml.txt,/home/cnd/tmp/dev/ocr_eval_paper/TextEval_1.5/rest/00680334-00232201.gt4hist.xml.txt,,,,"","f4f9","tl","0074,006c","misrecognised","1"
/home/cnd/tmp/dev/ocr_eval_paper/TextEval_1.5/rest/00680334.gt.xml.txt,/home/cnd/tmp/dev/ocr_eval_paper/TextEval_1.5/rest/00680334-00232201.gt4hist.xml.txt,,,,"ki","006b,0069","n ","006e,0020","misrecognised","1"
/home/cnd/tmp/dev/ocr_eval_paper/TextEval_1.5/rest/00680334.gt.xml.txt,/home/cnd/tmp/dev/ocr_eval_paper/TextEval_1.5/rest/00680334-00232201.gt4hist.xml.txt,,,," ſo d","0020,017f,006f,0020,0064","","","none","1"
/home/cnd/tmp/dev/ocr_eval_paper/TextEval_1.5/rest/00680334.gt.xml.txt,/home/cnd/tmp/dev/ocr_eval_paper/TextEval_1.5/rest/00680334-00232201.gt4hist.xml.txt,,,,"e","0065","ẽ","1ebd","misrecognised","1"
/home/cnd/tmp/dev/ocr_eval_paper/TextEval_1.5/rest/00680334.gt.xml.txt,/home/cnd/tmp/dev/ocr_eval_paper/TextEval_1.5/rest/00680334-00232201.gt4hist.xml.txt,,,,"","","wo","0077,006f","false detection","1"
/home/cnd/tmp/dev/ocr_eval_paper/TextEval_1.5/rest/00680334.gt.xml.txt,/home/cnd/tmp/dev/ocr_eval_paper/TextEval_1.5/rest/00680334-00232201.gt4hist.xml.txt,,,,"sandot","0073,0061,006e,0064,006f,0074","","","miss","1"
/home/cnd/tmp/dev/ocr_eval_paper/TextEval_1.5/rest/00680334.gt.xml.txt,/home/cnd/tmp/dev/ocr_eval_paper/TextEval_1.5/rest/00680334-00232201.gt4hist.xml.txt,,,,"ß","00df","ñ","00f1","misrecognised","1"
/home/cnd/tmp/dev/ocr_eval_paper/TextEval_1.5/rest/00680334.gt.xml.txt,/home/cnd/tmp/dev/ocr_eval_paper/TextEval_1.5/rest/00680334-00232201.gt4hist.xml.txt,,,,"e","f502,0065","chr","0063,0068,0072","misrecognised","1"
/home/cnd/tmp/dev/ocr_eval_paper/TextEval_1.5/rest/00680334.gt.xml.txt,/home/cnd/tmp/dev/ocr_eval_paper/TextEval_1.5/rest/00680334-00232201.gt4hist.xml.txt,,,,"0","0030","8","0038","misrecognised","1"
/home/cnd/tmp/dev/ocr_eval_paper/TextEval_1.5/rest/00680334.gt.xml.txt,/home/cnd/tmp/dev/ocr_eval_paper/TextEval_1.5/rest/00680334-00232201.gt4hist.xml.txt,,,,"wo","0077,006f"," e","0020,0065","misrecognised","1"
/home/cnd/tmp/dev/ocr_eval_paper/TextEval_1.5/rest/00680334.gt.xml.txt,/home/cnd/tmp/dev/ocr_eval_paper/TextEval_1.5/rest/00680334-00232201.gt4hist.xml.txt,,,,"t","0074","g","0067","misrecognised","1"
/home/cnd/tmp/dev/ocr_eval_paper/TextEval_1.5/rest/00680334.gt.xml.txt,/home/cnd/tmp/dev/ocr_eval_paper/TextEval_1.5/rest/00680334-00232201.gt4hist.xml.txt,,,,"anz","0061,006e,007a","","","none","1"
/home/cnd/tmp/dev/ocr_eval_paper/TextEval_1.5/rest/00680334.gt.xml.txt,/home/cnd/tmp/dev/ocr_eval_paper/TextEval_1.5/rest/00680334-00232201.gt4hist.xml.txt,,,,"a","0061","i","0069","misrecognised","1"
/home/cnd/tmp/dev/ocr_eval_paper/TextEval_1.5/rest/00680334.gt.xml.txt,/home/cnd/tmp/dev/ocr_eval_paper/TextEval_1.5/rest/00680334-00232201.gt4hist.xml.txt,,,,"ſe","017f,0065","fa","0066,0061","misrecognised","1"
/home/cnd/tmp/dev/ocr_eval_paper/TextEval_1.5/rest/00680334.gt.xml.txt,/home/cnd/tmp/dev/ocr_eval_paper/TextEval_1.5/rest/00680334-00232201.gt4hist.xml.txt,,,,"k","006b","d","0064","misrecognised","1"
/home/cnd/tmp/dev/ocr_eval_paper/TextEval_1.5/rest/00680334.gt.xml.txt,/home/cnd/tmp/dev/ocr_eval_paper/TextEval_1.5/rest/00680334-00232201.gt4hist.xml.txt,,,,"k","006b"," b","0020,0062","misrecognised","1"
/home/cnd/tmp/dev/ocr_eval_paper/TextEval_1.5/rest/00680334.gt.xml.txt,/home/cnd/tmp/dev/ocr_eval_paper/TextEval_1.5/rest/00680334-00232201.gt4hist.xml.txt,,,,"
V","000a,0056","","","none","1"
/home/cnd/tmp/dev/ocr_eval_paper/TextEval_1.5/rest/00680334.gt.xml.txt,/home/cnd/tmp/dev/ocr_eval_paper/TextEval_1.5/rest/00680334-00232201.gt4hist.xml.txt,,,,"ts","0074,0073","","","none","1"
/home/cnd/tmp/dev/ocr_eval_paper/TextEval_1.5/rest/00680334.gt.xml.txt,/home/cnd/tmp/dev/ocr_eval_paper/TextEval_1.5/rest/00680334-00232201.gt4hist.xml.txt,,,,"Stolz,","0053,0074,006f,006c,007a,002c","——","2014,2014","misrecognised","1"
/home/cnd/tmp/dev/ocr_eval_paper/TextEval_1.5/rest/00680334.gt.xml.txt,/home/cnd/tmp/dev/ocr_eval_paper/TextEval_1.5/rest/00680334-00232201.gt4hist.xml.txt,,,,"m ","006d,0020","","","none","1"
/home/cnd/tmp/dev/ocr_eval_paper/TextEval_1.5/rest/00680334.gt.xml.txt,/home/cnd/tmp/dev/ocr_eval_paper/TextEval_1.5/rest/00680334-00232201.gt4hist.xml.txt,,,,"m","006d","nſ","006e,017f","misrecognised","1"
/home/cnd/tmp/dev/ocr_eval_paper/TextEval_1.5/rest/00680334.gt.xml.txt,/home/cnd/tmp/dev/ocr_eval_paper/TextEval_1.5/rest/00680334-00232201.gt4hist.xml.txt,,,,"r","0072","k","006b","misrecognised","1"
/home/cnd/tmp/dev/ocr_eval_paper/TextEval_1.5/rest/00680334.gt.xml.txt,/home/cnd/tmp/dev/ocr_eval_paper/TextEval_1.5/rest/00680334-00232201.gt4hist.xml.txt,,,,",","002c","!","0021","misrecognised","1"
/home/cnd/tmp/dev/ocr_eval_paper/TextEval_1.5/rest/00680334.gt.xml.txt,/home/cnd/tmp/dev/ocr_eval_paper/TextEval_1.5/rest/00680334-00232201.gt4hist.xml.txt,,,,"Riter.","0052,0069,f502,0074,0065,0072,002e","— — ","2014,0020,2014,0020","misrecognised","1"
/home/cnd/tmp/dev/ocr_eval_paper/TextEval_1.5/rest/00680334.gt.xml.txt,/home/cnd/tmp/dev/ocr_eval_paper/TextEval_1.5/rest/00680334-00232201.gt4hist.xml.txt,,,,"3","0033","","","miss","1"
/home/cnd/tmp/dev/ocr_eval_paper/TextEval_1.5/rest/00680334.gt.xml.txt,/home/cnd/tmp/dev/ocr_eval_paper/TextEval_1.5/rest/00680334-00232201.gt4hist.xml.txt,,,,"Vereigerungs","0056,0065,0072,eada,0065,0069,0067,0065,0072,0075,006e,0067,0073","","","miss","1"
/home/cnd/tmp/dev/ocr_eval_paper/TextEval_1.5/rest/00680334.gt.xml.txt,/home/cnd/tmp/dev/ocr_eval_paper/TextEval_1.5/rest/00680334-00232201.gt4hist.xml.txt,,,,"⸗ ","2e17,0020","
","000a","misrecognised","1"
